36
148 543 318 621
266 415 467 597
142 432 317 564
6 506 101 617
4 440 115 542
6 390 143 470
169 356 316 464
158 329 304 413
292 362 427 452
414 316 503 391
379 286 478 362
314 282 407 352
450 347 558 457
511 388 619 493
541 444 685 587
676 502 795 599
707 434 817 538
645 369 730 455
547 326 631 396
592 291 653 339
675 269 741 340
503 292 556 352
467 262 543 321
534 257 598 324
607 253 660 303
725 268 777 313
775 250 817 292
412 257 485 303
676 212 712 252
645 234 683 273
593 233 629 264
534 224 590 253
651 200 698 231
586 206 631 237
607 222 650 252
708 211 742 236
