0 0.29765625 0.816159250585 0.1671875 0.274004683841
0 0.18203125 0.468384074941 0.0921875 0.121779859485
0 0.12421875 0.285714285714 0.0765625 0.107728337237
0 0.2546875 0.381733021077 0.078125 0.0983606557377
0 0.29921875 0.559718969555 0.1265625 0.187353629977
0 0.375 0.351288056206 0.071875 0.0936768149883
0 0.29765625 0.309133489461 0.0671875 0.0983606557377
0 0.24375 0.2037470726 0.05 0.0608899297424
0 0.0765625 0.782201405152 0.146875 0.206088992974
0 0.35 0.240046838407 0.05625 0.0866510538642
