1 0.380507343124 0.869606003752 0.0747663551402 0.166979362101
1 0.667556742323 0.545028142589 0.064085447263 0.0769230769231
1 0.223631508678 0.874296435272 0.068090787717 0.146341463415
1 0.427903871829 0.734521575985 0.0574098798398 0.121951219512
1 0.334445927904 0.62851782364 0.0467289719626 0.116322701689
1 0.216955941255 0.59287054409 0.0520694259012 0.116322701689
1 0.406542056075 0.547842401501 0.0440587449933 0.0900562851782
1 0.296395193591 0.569418386492 0.0507343124166 0.0919324577861
1 0.308411214953 0.471857410882 0.0347129506008 0.0806754221388
1 0.242990654206 0.469981238274 0.0427236315087 0.0806754221388
