0 0.0509090909091 0.952305246423 0.101818181818 0.0858505564388
0 0.404848484848 0.894276629571 0.16 0.192368839428
0 0.200606060606 0.759936406995 0.115151515152 0.267090620032
0 0.62303030303 0.941176470588 0.174545454545 0.120826709062
0 0.806060606061 0.847376788553 0.210909090909 0.286168521463
0 0.350909090909 0.705882352941 0.115151515152 0.238473767886
0 0.0933333333333 0.613672496025 0.106666666667 0.152623211447
0 0.0563636363636 0.462639109698 0.0812121212121 0.111287758347
0 0.158787878788 0.460254372019 0.0654545454545 0.119236883943
0 0.309696969697 0.511923688394 0.0957575757576 0.174880763116
0 0.618787878788 0.585055643879 0.156363636364 0.133545310016
0 0.84 0.543720190779 0.17696969697 0.149443561208
0 0.576363636364 0.486486486486 0.0812121212121 0.108108108108
0 0.469090909091 0.480922098569 0.0630303030303 0.100158982512
0 0.331515151515 0.381558028617 0.0690909090909 0.0858505564388
0 0.221212121212 0.383147853736 0.0472727272727 0.0763116057234
0 0.141818181818 0.338632750397 0.0557575757576 0.0826709062003
0 0.185454545455 0.304451510334 0.0387878787879 0.0556438791733
0 0.216363636364 0.334658187599 0.049696969697 0.0651828298887
0 0.271515151515 0.347376788553 0.0412121212121 0.0747217806041
0 0.456363636364 0.414944356121 0.0593939393939 0.0794912559618
0 0.544242424242 0.427662957075 0.0727272727273 0.0922098569157
0 0.500606060606 0.365659777424 0.0509090909091 0.0699523052464
0 0.241212121212 0.302066772655 0.0412121212121 0.0572337042925
0 0.447878787879 0.371224165342 0.0424242424242 0.0651828298887
0 0.430909090909 0.335453100159 0.0448484848485 0.0572337042925
0 0.467878787879 0.322734499205 0.0484848484848 0.0508744038156
0 0.300606060606 0.321144674086 0.0484848484848 0.0667726550079
0 0.277575757576 0.255961844197 0.0363636363636 0.0413354531002
0 0.25696969697 0.241653418124 0.0290909090909 0.0413354531002
