0 0.0874547647768 0.13408723748 0.170084439083 0.174474959612
0 0.0796139927624 0.223747980614 0.149577804584 0.208400646204
0 0.0452352231604 0.361066235864 0.0856453558504 0.198707592892
0 0.182750301568 0.518578352181 0.334137515078 0.235864297254
0 0.288299155609 0.386914378029 0.250904704463 0.172859450727
0 0.2876960193 0.277867528271 0.211097708082 0.142164781906
0 0.51025331725 0.292407108239 0.202653799759 0.135702746365
0 0.583232810615 0.391760904685 0.240048250905 0.156704361874
0 0.539203860072 0.547657512116 0.294330518697 0.177705977383
0 0.783474065139 0.514539579968 0.211097708082 0.169628432956
0 0.870928829916 0.276252019386 0.147165259349 0.1098546042
0 0.956574185766 0.402261712439 0.0820265379976 0.10662358643
0 0.545838359469 0.777059773829 0.285886610374 0.239095315024
0 0.504221954162 0.931340872375 0.436670687575 0.121163166397
