0 0.437576499388 0.741435562806 0.410036719706 0.311582381729
0 0.65299877601 0.595432300163 0.400244798042 0.283849918434
0 0.934516523868 0.849918433931 0.126070991432 0.290375203915
0 0.183598531212 0.515497553018 0.354957160343 0.247960848287
0 0.119339045288 0.340946166395 0.231334149327 0.182707993475
0 0.545899632803 0.353181076672 0.22276621787 0.164763458401
0 0.582619339045 0.26101141925 0.203182374541 0.146818923328
0 0.816401468788 0.214518760196 0.247246022032 0.151712887439
0 0.864749082007 0.346655791191 0.260709914321 0.177814029364
0 0.834149326805 0.464926590538 0.302325581395 0.231647634584
0 0.0605875152999 0.246329526917 0.118727050184 0.114192495922
