0 0.616082224909 0.834420880914 0.356711003628 0.31810766721
0 0.307738814994 0.778955954323 0.243047158404 0.321370309951
0 0.203143893591 0.869494290375 0.220072551391 0.251223491028
0 0.0707376058041 0.678629690049 0.126964933495 0.2088091354
0 0.0828295042322 0.542414355628 0.110036275695 0.181076672104
0 0.284764207981 0.60277324633 0.177750906892 0.197389885808
0 0.477025392987 0.620717781403 0.199516324063 0.213703099511
0 0.581620314389 0.611745513866 0.181378476421 0.172920065253
0 0.705562273277 0.596247960848 0.180169286578 0.168026101142
0 0.859733978235 0.807504078303 0.268440145103 0.270799347471
0 0.912938331318 0.726753670473 0.162031438936 0.187601957586
0 0.192865779927 0.495106035889 0.10761789601 0.148450244698
0 0.309552599758 0.42251223491 0.123337363966 0.130505709625
0 0.324062877872 0.534257748777 0.123337363966 0.15823817292
0 0.443168077388 0.485318107667 0.139056831923 0.128874388254
0 0.536880290206 0.494290375204 0.130592503023 0.123980424144
0 0.617291414752 0.477977161501 0.141475211608 0.110929853181
0 0.49576783555 0.399673735726 0.133010882709 0.0750407830343
0 0.380894800484 0.3955954323 0.087061668682 0.047308319739
0 0.30592503023 0.356443719413 0.0846432889964 0.0636215334421
0 0.350665054414 0.34013050571 0.087061668682 0.0831973898858
0 0.20253929867 0.39233278956 0.0882708585248 0.0799347471452
0 0.197702539299 0.3132137031 0.0640870616687 0.0815660685155
0 0.108827085852 0.420065252855 0.106408706167 0.0929853181077
0 0.107013301088 0.353181076672 0.0906892382104 0.0766721044046
0 0.0290205562273 0.458401305057 0.0507859733978 0.1044045677
0 0.237605804111 0.292006525285 0.0689238210399 0.068515497553
0 0.0483675937122 0.380913539967 0.0701330108827 0.0701468189233
0 0.0834340991536 0.3132137031 0.0822249093108 0.0587275693312
