0 0.201212121212 0.923824959481 0.254545454545 0.139384116694
0 0.428484848485 0.746353322528 0.168484848485 0.209076175041
0 0.601818181818 0.705834683955 0.151515151515 0.15397082658
0 0.137575757576 0.724473257699 0.219393939394 0.278768233387
0 0.293333333333 0.566450567261 0.118787878788 0.160453808752
0 0.408484848485 0.47811993517 0.0848484848485 0.097244732577
0 0.469696969697 0.398703403566 0.0690909090909 0.0810372771475
0 0.517575757576 0.345218800648 0.0557575757576 0.0810372771475
0 0.0406060606061 0.679902755267 0.0739393939394 0.141004862237
0 0.0387878787879 0.900324149109 0.0654545454545 0.199351701783
0 0.125454545455 0.570502431118 0.153939393939 0.149108589951
0 0.240606060606 0.489465153971 0.100606060606 0.119935170178
0 0.317575757576 0.441653160454 0.0678787878788 0.0988654781199
0 0.20303030303 0.440842787682 0.107878787879 0.110210696921
0 0.127878787879 0.435170178282 0.10303030303 0.105348460292
0 0.230303030303 0.377633711507 0.0945454545455 0.0842787682334
0 0.31696969697 0.34602917342 0.0642424242424 0.0696920583468
0 0.404848484848 0.341977309562 0.0727272727273 0.0810372771475
0 0.455151515152 0.314424635332 0.0521212121212 0.0713128038898
0 0.370303030303 0.309562398703 0.0521212121212 0.0551053484603
0 0.0369696969697 0.554294975689 0.0618181818182 0.12641815235
0 0.613939393939 0.39546191248 0.0642424242424 0.0777957860616
0 0.433333333333 0.281199351702 0.0545454545455 0.0567260940032
0 0.582424242424 0.799837925446 0.144242424242 0.131280388979
0 0.372727272727 0.384927066451 0.0715151515152 0.0988654781199
