0 0.37576499388 0.910048622366 0.5605875153 0.176661264182
0 0.459608323133 0.641004862237 0.549571603427 0.42301458671
0 0.0948592411261 0.502431118314 0.179926560588 0.320907617504
0 0.367809057528 0.247974068071 0.40758873929 0.259319286872
0 0.851285189718 0.52188006483 0.282741738066 0.233387358185
0 0.884332925337 0.7471636953 0.221542227662 0.26904376013
0 0.141370869033 0.19205834684 0.0110159118727 0.00486223662885
0 0.0709914320685 0.101296596434 0.134638922889 0.189627228525
0 0.342717258262 0.081847649919 0.320685434517 0.15397082658
0 0.633414932681 0.106969205835 0.204406364749 0.162074554295
0 0.626682986536 0.0388978930308 0.235006119951 0.0680713128039
0 0.9394124847 0.156401944895 0.1211750306 0.102106969206
0 0.836597307222 0.0534846029173 0.177478580171 0.106969205835
0 0.968788249694 0.064829821718 0.0550795593635 0.0907617504052
0 0.738066095471 0.17017828201 0.308445532436 0.226904376013
