0 0.571515151515 0.5704 0.12 0.1104
0 0.707272727273 0.6352 0.156363636364 0.1024
0 0.733939393939 0.7224 0.229090909091 0.1808
0 0.286060606061 0.3984 0.0387878787879 0.0576
0 0.199393939394 0.5664 0.0472727272727 0.0512
0 0.265454545455 0.5344 0.0581818181818 0.0864
0 0.323636363636 0.5296 0.0509090909091 0.0288
0 0.353333333333 0.5928 0.0909090909091 0.1008
0 0.293939393939 0.8352 0.146666666667 0.1664
0 0.389696969697 0.744 0.0860606060606 0.1568
0 0.438787878788 0.9272 0.169696969697 0.1392
