0 0.306748466258 0.890909090909 0.466257668712 0.211570247934
0 0.0944785276074 0.810743801653 0.179141104294 0.328925619835
0 0.518404907975 0.765289256198 0.391411042945 0.357024793388
0 0.820245398773 0.65867768595 0.349693251534 0.335537190083
0 0.445398773006 0.519834710744 0.358282208589 0.246280991736
0 0.151533742331 0.622314049587 0.295705521472 0.302479338843
0 0.88773006135 0.476859504132 0.21963190184 0.196694214876
0 0.645398773006 0.36694214876 0.220858895706 0.168595041322
0 0.708588957055 0.296694214876 0.20490797546 0.15041322314
0 0.906134969325 0.342975206612 0.18036809816 0.110743801653
0 0.920858895706 0.232231404959 0.150920245399 0.120661157025
0 0.261349693252 0.370247933884 0.257668711656 0.211570247934
0 0.371165644172 0.314049586777 0.2 0.155371900826
0 0.458895705521 0.244628099174 0.179141104294 0.128925619835
0 0.20736196319 0.152892561983 0.154601226994 0.110743801653
0 0.184049079755 0.237190082645 0.181595092025 0.130578512397
0 0.0730061349693 0.332231404959 0.136196319018 0.15867768595
0 0.0331288343558 0.422314049587 0.0613496932515 0.123966942149
0 0.0472392638037 0.210743801653 0.0920245398773 0.117355371901
0 0.0687116564417 0.164462809917 0.117791411043 0.0578512396694
0 0.6 0.157851239669 0.301840490798 0.2
