0 0.853939393939 0.563004846527 0.105454545455 0.153473344103
0 0.38303030303 0.89337641357 0.235151515152 0.197092084006
0 0.28 0.798061389338 0.288484848485 0.284329563813
0 0.100606060606 0.506462035541 0.196363636364 0.166397415186
0 0.131515151515 0.572697899838 0.21696969697 0.208400646204
0 0.257575757576 0.603392568659 0.229090909091 0.201938610662
0 0.640606060606 0.572697899838 0.144242424242 0.192245557351
0 0.470303030303 0.583198707593 0.155151515152 0.187399030695
0 0.279393939394 0.427302100162 0.139393939394 0.124394184168
0 0.351515151515 0.454765751212 0.14303030303 0.130856219709
0 0.429090909091 0.482229402262 0.133333333333 0.147011308562
0 0.584242424242 0.478190630048 0.101818181818 0.135702746365
0 0.555151515152 0.416801292407 0.104242424242 0.113085621971
0 0.46303030303 0.373182552504 0.101818181818 0.0969305331179
0 0.424848484848 0.348142164782 0.0981818181818 0.0791599353796
0 0.666666666667 0.402261712439 0.0751515151515 0.0969305331179
0 0.727878787879 0.470920840065 0.0957575757576 0.130856219709
0 0.793939393939 0.401453957997 0.0969696969697 0.0856219709208
0 0.621818181818 0.357835218094 0.070303030303 0.0726978998384
0 0.583636363636 0.319063004847 0.0642424242424 0.0726978998384
0 0.675151515152 0.304523424879 0.0630303030303 0.0726978998384
0 0.762424242424 0.29563812601 0.0509090909091 0.0743134087237
0 0.947272727273 0.305331179321 0.0375757575758 0.0710823909532
0 0.750909090909 0.23182552504 0.0472727272727 0.0500807754443
0 0.0321212121212 0.802100161551 0.0545454545455 0.179321486268
0 0.0406060606061 0.937802907916 0.0715151515152 0.114701130856
