0 0.498181818182 0.949125596184 0.201212121212 0.0890302066773
0 0.950303030303 0.755961844197 0.0848484848485 0.211446740859
0 0.303636363636 0.699523052464 0.178181818182 0.257551669316
0 0.149090909091 0.414149443561 0.0824242424242 0.131955484897
0 0.78303030303 0.539745627981 0.167272727273 0.144674085851
0 0.52 0.377583465819 0.0872727272727 0.093799682035
0 0.418181818182 0.31319554849 0.0606060606061 0.0635930047695
0 0.0981818181818 0.302861685215 0.0484848484848 0.0747217806041
0 0.201818181818 0.266295707472 0.049696969697 0.0556438791733
0 0.0945454545455 0.248807631161 0.0412121212121 0.0524642289348
