0 0.420828258222 0.899678972713 0.239951278928 0.194221508828
0 0.676004872107 0.562600321027 0.143727161998 0.191011235955
0 0.830694275274 0.411717495987 0.095006090134 0.104333868379
0 0.302679658952 0.803370786517 0.303288672351 0.293739967897
0 0.490255785627 0.591492776886 0.166869671133 0.181380417335
0 0.605968331303 0.479133226324 0.113276492083 0.136436597111
0 0.464068209501 0.488764044944 0.133982947625 0.14606741573
0 0.601096224117 0.410914927769 0.101096224117 0.112359550562
0 0.668696711328 0.357142857143 0.0779537149817 0.0818619582665
0 0.278928136419 0.624398073836 0.238733252132 0.22150882825
0 0.16077953715 0.591492776886 0.226552984166 0.203852327448
0 0.251522533496 0.454253611557 0.174177831912 0.125200642055
0 0.467113276492 0.41974317817 0.127892813642 0.113964686998
0 0.545066991474 0.359550561798 0.0864799025579 0.102728731942
0 0.0615103532278 0.803370786517 0.113276492083 0.181380417335
0 0.0657734470158 0.935794542536 0.121802679659 0.121990369181
0 0.79658952497 0.297752808989 0.0462850182704 0.0690208667737
0 0.537758830694 0.329052969502 0.0913520097442 0.0866773675762
0 0.758830694275 0.239165329053 0.0462850182704 0.0513643659711
0 0.792326431181 0.213483146067 0.0353227771011 0.0417335473515
0 0.96772228989 0.267255216693 0.0353227771011 0.0433386837881
0 0.870280146163 0.210272873194 0.0328867235079 0.0385232744783
