0 0.253357753358 0.725521669342 0.350427350427 0.266452648475
0 0.143467643468 0.403691813804 0.260073260073 0.200642054575
0 0.173992673993 0.290529695024 0.286935286935 0.170144462279
0 0.337606837607 0.215088282504 0.233211233211 0.157303370787
0 0.0647130647131 0.186195826645 0.124542124542 0.144462279294
0 0.467643467643 0.399678972713 0.319902319902 0.189406099518
0 0.628815628816 0.6227929374 0.319902319902 0.227929373997
0 0.789987789988 0.83467094703 0.351648351648 0.24077046549
0 0.818070818071 0.947030497592 0.315018315018 0.0898876404494
0 0.880952380952 0.552166934189 0.225885225885 0.192616372392
0 0.766788766789 0.439004815409 0.205128205128 0.142857142857
0 0.92735042735 0.410914927769 0.137973137973 0.109149277689
0 0.538461538462 0.317817014446 0.246642246642 0.154093097913
0 0.625152625153 0.255216693419 0.18315018315 0.115569823435
0 0.760073260073 0.331460674157 0.186813186813 0.123595505618
0 0.833943833944 0.276886035313 0.156288156288 0.110754414125
0 0.965811965812 0.283306581059 0.0610500610501 0.101123595506
0 0.392551892552 0.121990369181 0.777777777778 0.23113964687
