1 0.240628778718 0.929824561404 0.0894800483676 0.133971291866
1 0.12515114873 0.672248803828 0.0834340991536 0.164274322169
1 0.279322853688 0.464912280702 0.0652962515115 0.125996810207
1 0.204353083434 0.55980861244 0.0652962515115 0.13716108453
1 0.371221281741 0.565390749601 0.0580411124547 0.157894736842
1 0.337363966143 0.673046251994 0.0507859733978 0.13716108453
1 0.319830713422 0.814194577352 0.0785973397823 0.231259968102
1 0.415961305925 0.760765550239 0.0894800483676 0.159489633174
1 0.47823458283 0.813397129187 0.0737605804111 0.140350877193
1 0.414147521161 0.923444976077 0.0737605804111 0.149920255183
1 0.685610640871 0.754385964912 0.0507859733978 0.175438596491
1 0.689238210399 0.900318979266 0.0773881499395 0.180223285486
1 0.519951632406 0.674641148325 0.0798065296252 0.153110047847
1 0.543530834341 0.582137161085 0.0471584038694 0.118022328549
1 0.585852478839 0.617224880383 0.0592503022975 0.13716108453
1 0.567110036276 0.50956937799 0.0483675937122 0.113237639553
1 0.920798065296 0.846889952153 0.0665054413543 0.239234449761
1 0.888754534462 0.72009569378 0.0532043530834 0.145135566188
1 0.833736396614 0.652312599681 0.037484885127 0.105263157895
1 0.78899637243 0.597288676236 0.0544135429262 0.103668261563
1 0.742442563482 0.570972886762 0.0459492140266 0.114832535885
1 0.72430471584 0.519936204147 0.043530834341 0.114832535885
1 0.701330108827 0.649920255183 0.0532043530834 0.161084529506
1 0.648730350665 0.617224880383 0.0568319226119 0.127591706539
1 0.871221281741 0.350079744817 0.0278113663845 0.1004784689
1 0.821039903265 0.275119617225 0.0266021765417 0.0717703349282
1 0.833131801693 0.197767145136 0.0217654171705 0.066985645933
1 0.772672309553 0.200159489633 0.0241837968561 0.0590111642743
1 0.597944377267 0.417862838915 0.0350665054414 0.0893141945774
1 0.836759371221 0.491228070175 0.0362756952842 0.114832535885
1 0.798065296252 0.511164274322 0.0362756952842 0.129186602871
1 0.790810157195 0.407496012759 0.0290205562273 0.103668261563
1 0.804715840387 0.363636363636 0.0229746070133 0.0829346092504
1 0.834945586457 0.401116427432 0.0326481257557 0.0940988835726
1 0.698911729141 0.2336523126 0.0290205562273 0.0813397129187
1 0.680773881499 0.350079744817 0.0266021765417 0.0877192982456
1 0.576178960097 0.271929824561 0.0302297460701 0.0590111642743
1 0.539298669891 0.276714513557 0.0290205562273 0.0685805422648
1 0.850665054414 0.584529505582 0.0278113663845 0.125996810207
