1 0.362130177515 0.750407830343 0.0710059171598 0.133768352365
1 0.28224852071 0.575040783034 0.0674556213018 0.119086460033
1 0.230177514793 0.641924959217 0.0674556213018 0.138662316476
1 0.707692307692 0.675367047308 0.0497041420118 0.15660685155
1 0.661538461538 0.749592169657 0.0520710059172 0.171288743883
1 0.608284023669 0.796084828711 0.0615384615385 0.15986949429
1 0.669822485207 0.905383360522 0.0615384615385 0.182707993475
1 0.513609467456 0.847471451876 0.0662721893491 0.115823817292
1 0.467455621302 0.938009787928 0.0733727810651 0.110929853181
1 0.827218934911 0.517128874388 0.0307692307692 0.0978792822186
1 0.721301775148 0.455138662316 0.0390532544379 0.0848287112561
1 0.459171597633 0.482871125612 0.0426035502959 0.0750407830343
1 0.77100591716 0.410277324633 0.0295857988166 0.0668841761827
