1 0.554413542926 0.480613893376 0.105199516324 0.127625201939
1 0.53022974607 0.814216478191 0.155985489722 0.171243941842
1 0.342805320435 0.797253634895 0.143893591294 0.192245557351
1 0.256348246675 0.866720516963 0.171704957678 0.18901453958
1 0.09915356711 0.805331179321 0.123337363966 0.143780290792
1 0.137243047158 0.737479806139 0.105199516324 0.117932148627
1 0.245465538089 0.711631663974 0.108827085852 0.143780290792
1 0.903264812576 0.8901453958 0.181378476421 0.184168012924
1 0.393591293833 0.483037156704 0.0906892382104 0.122778675283
1 0.287787182588 0.449111470113 0.0894800483676 0.113085621971
1 0.235187424426 0.415993537964 0.0592503022975 0.0856219709208
1 0.0519951632406 0.373182552504 0.0749697702539 0.0710823909532
1 0.620918984281 0.342487883683 0.0665054413543 0.10662358643
1 0.717049576784 0.340872374798 0.0822249093108 0.0904684975767
1 0.584038694075 0.278675282714 0.0846432889964 0.092084006462
1 0.529020556227 0.296445880452 0.0544135429262 0.0953150242326
1 0.174727932285 0.945880452342 0.112454655381 0.0985460420032
1 0.0302297460701 0.734248788368 0.0532043530834 0.127625201939
1 0.943168077388 0.593699515347 0.101571946796 0.108239095315
1 0.156590084643 0.413570274637 0.0592503022975 0.0678513731826
