1 0.889963724305 0.782926829268 0.0846432889964 0.121951219512
1 0.963724304716 0.647967479675 0.0411124546554 0.125203252033
1 0.938935912938 0.60487804878 0.049576783555 0.0780487804878
1 0.905683192261 0.659349593496 0.0483675937122 0.0894308943089
1 0.884522370012 0.617073170732 0.0423216444982 0.0634146341463
1 0.888149939541 0.563414634146 0.0302297460701 0.069918699187
1 0.831318016929 0.59512195122 0.0519951632406 0.0747967479675
1 0.76299879081 0.678861788618 0.0411124546554 0.079674796748
1 0.794437726723 0.612195121951 0.0217654171705 0.0341463414634
1 0.0568319226119 0.9 0.09915356711 0.0829268292683
1 0.0695284159613 0.941463414634 0.100362756953 0.0617886178862
1 0.0380894800484 0.805691056911 0.0640870616687 0.0991869918699
1 0.105199516324 0.826829268293 0.0967351874244 0.144715447154
1 0.677750906892 0.490243902439 0.0713422007255 0.079674796748
1 0.686215235792 0.522764227642 0.0423216444982 0.060162601626
1 0.0731559854897 0.786991869919 0.141475211608 0.130081300813
1 0.087061668682 0.692682926829 0.087061668682 0.0682926829268
1 0.175332527207 0.913008130081 0.0943168077388 0.115447154472
1 0.253929866989 0.782113821138 0.0798065296252 0.0813008130081
1 0.275090689238 0.813008130081 0.102781136638 0.0650406504065
1 0.183796856106 0.69918699187 0.0749697702539 0.107317073171
1 0.353083434099 0.733333333333 0.0846432889964 0.117073170732
1 0.290205562273 0.690243902439 0.0822249093108 0.0829268292683
1 0.267835550181 0.737398373984 0.0713422007255 0.0926829268293
1 0.251511487304 0.644715447154 0.0773881499395 0.0959349593496
1 0.262394195889 0.606504065041 0.0604594921403 0.0910569105691
1 0.258162031439 0.530894308943 0.0471584038694 0.0959349593496
1 0.282950423216 0.556910569106 0.0362756952842 0.0666666666667
1 0.299879081016 0.530081300813 0.0386940749698 0.0747967479675
1 0.330108827086 0.579674796748 0.0507859733978 0.079674796748
1 0.368802902056 0.576422764228 0.0532043530834 0.0959349593496
1 0.342200725514 0.647154471545 0.0507859733978 0.0845528455285
1 0.368802902056 0.662601626016 0.0507859733978 0.069918699187
1 0.36638452237 0.49837398374 0.0580411124547 0.0536585365854
1 0.386940749698 0.531707317073 0.0362756952842 0.0747967479675
1 0.432889963724 0.578861788618 0.0532043530834 0.0780487804878
1 0.423821039903 0.482113821138 0.0519951632406 0.079674796748
1 0.448004836759 0.530081300813 0.0278113663845 0.0813008130081
1 0.503627569528 0.534959349593 0.0326481257557 0.0455284552846
1 0.464328899637 0.486178861789 0.0362756952842 0.0617886178862
1 0.52599758162 0.49512195122 0.0411124546554 0.0536585365854
1 0.495163240629 0.637398373984 0.0616686819831 0.0682926829268
1 0.429262394196 0.626016260163 0.0725513905683 0.0813008130081
1 0.44377267231 0.669918699187 0.0652962515115 0.0650406504065
1 0.622732769045 0.566666666667 0.0459492140266 0.0406504065041
1 0.738210399033 0.518699186992 0.0350665054414 0.0487804878049
1 0.912333736397 0.405691056911 0.0350665054414 0.0569105691057
1 0.967351874244 0.412195121951 0.0411124546554 0.0439024390244
