1 0.64656212304 0.250403877221 0.0603136308806 0.0807754442649
1 0.920386007238 0.490306946688 0.0603136308806 0.105008077544
1 0.376960193004 0.639741518578 0.13630880579 0.145395799677
1 0.199034981906 0.632471728595 0.151990349819 0.169628432956
1 0.0946924004825 0.709208400646 0.162846803378 0.168012924071
1 0.0566948130277 0.634894991922 0.10615199035 0.126009693053
1 0.0753920386007 0.834410339257 0.133896260555 0.176090468498
1 0.691194209891 0.631663974152 0.0940892641737 0.122778675283
1 0.560313630881 0.616316639742 0.112183353438 0.117932148627
1 0.431845597105 0.241518578352 0.0747889022919 0.092084006462
1 0.410735826297 0.205977382876 0.0663449939686 0.0791599353796
1 0.214113389626 0.155896607431 0.0880579010856 0.0953150242326
1 0.251507840772 0.183360258481 0.08082026538 0.0726978998384
1 0.770808202654 0.411954765751 0.0989143546441 0.0904684975767
1 0.0687575392039 0.424878836834 0.123039806996 0.132471728595
1 0.358262967431 0.51534733441 0.0627261761158 0.155088852989
1 0.29312424608 0.147011308562 0.0410132689988 0.0678513731826
