1 0.104848484848 0.702093397746 0.0545454545455 0.125603864734
1 0.16303030303 0.639291465378 0.049696969697 0.119162640902
1 0.187272727273 0.547504025765 0.0375757575758 0.119162640902
1 0.152727272727 0.556360708535 0.0363636363636 0.0885668276973
1 0.883636363636 0.674718196457 0.0533333333333 0.125603864734
1 0.950909090909 0.797906602254 0.0593939393939 0.136876006441
1 0.609090909091 0.921900161031 0.0593939393939 0.156199677939
1 0.707272727273 0.477455716586 0.0327272727273 0.0692431561997
1 0.404848484848 0.40499194847 0.0484848484848 0.0692431561997
1 0.911515151515 0.498389694042 0.0412121212121 0.0756843800322
