1 0.105548854041 0.928229665072 0.117008443908 0.130781499203
1 0.337756332931 0.914673046252 0.142340168878 0.157894736842
1 0.408323281062 0.834130781499 0.114595898673 0.159489633174
1 0.197225572979 0.759968102073 0.102533172497 0.170653907496
1 0.301568154403 0.827751196172 0.120627261761 0.169059011164
1 0.228588661037 0.673843700159 0.100120627262 0.135566188198
1 0.775633293124 0.898724082935 0.147165259349 0.180223285486
1 0.942098914355 0.933811802233 0.113389626055 0.11961722488
1 0.25753920386 0.6331738437 0.0904704463209 0.143540669856
1 0.046441495778 0.672248803828 0.0735826296743 0.0813397129187
1 0.13148371532 0.655502392344 0.0820265379976 0.133971291866
1 0.708082026538 0.690590111643 0.113389626055 0.162679425837
1 0.595295536791 0.661084529506 0.107358262967 0.132376395534
1 0.485524728589 0.605263157895 0.112183353438 0.097288676236
1 0.365500603136 0.618022328549 0.0940892641737 0.122807017544
1 0.109167671894 0.414673046252 0.0422195416164 0.0893141945774
1 0.919782870929 0.657894736842 0.117008443908 0.11004784689
1 0.831121833534 0.622009569378 0.101326899879 0.111642743222
1 0.785886610374 0.702551834131 0.0735826296743 0.129186602871
1 0.0524728588661 0.635566188198 0.0687575392039 0.097288676236
1 0.428226779252 0.434609250399 0.0458383594692 0.097288676236
1 0.465621230398 0.464114832536 0.0844390832328 0.0956937799043
1 0.284077201448 0.476076555024 0.0518697225573 0.0813397129187
1 0.575392038601 0.543859649123 0.0940892641737 0.0861244019139
1 0.577804583836 0.572567783094 0.0820265379976 0.0861244019139
1 0.518697225573 0.393939393939 0.065138721351 0.0701754385965
1 0.600120627262 0.411483253589 0.059107358263 0.0765550239234
1 0.87876960193 0.435406698565 0.0615199034982 0.0765550239234
1 0.398673100121 0.49043062201 0.0566948130277 0.0717703349282
1 0.182147165259 0.584529505582 0.0603136308806 0.0781499202552
1 0.157418576598 0.519138755981 0.0518697225573 0.0781499202552
1 0.0965018094089 0.495215311005 0.0530759951749 0.11004784689
1 0.0983112183353 0.541467304625 0.0639324487334 0.0877192982456
1 0.0422195416164 0.552631578947 0.0603136308806 0.0685805422648
1 0.461399276236 0.538277511962 0.0952955367913 0.125996810207
1 0.744270205066 0.576555023923 0.108564535585 0.106858054226
1 0.660434258142 0.541467304625 0.0952955367913 0.11004784689
1 0.645958986731 0.612440191388 0.0880579010856 0.111642743222
1 0.845597104946 0.516746411483 0.118214716526 0.102073365231
1 0.900482509047 0.599681020734 0.117008443908 0.13716108453
1 0.792521109771 0.41706539075 0.0965018094089 0.0749601275917
1 0.670687575392 0.428229665072 0.0844390832328 0.0685805422648
1 0.632689987937 0.466507177033 0.104945717732 0.0909090909091
1 0.182750301568 0.306220095694 0.0639324487334 0.0701754385965
