1 0.0812121212121 0.60413354531 0.0921212121212 0.136724960254
1 0.146666666667 0.752782193959 0.106666666667 0.151033386328
1 0.340606060606 0.577901430843 0.106666666667 0.131955484897
1 0.568484848485 0.612877583466 0.123636363636 0.151033386328
1 0.839393939394 0.765500794913 0.146666666667 0.176470588235
1 0.815757575758 0.476152623211 0.104242424242 0.119236883943
1 0.346060606061 0.281399046105 0.0666666666667 0.0635930047695
1 0.539393939394 0.262321144674 0.0606060606061 0.060413354531
1 0.610909090909 0.212241653418 0.0557575757576 0.0620031796502
1 0.765454545455 0.299682034976 0.0812121212121 0.0842607313196
1 0.735757575758 0.35453100159 0.0775757575758 0.0953895071542
1 0.630909090909 0.314785373609 0.0666666666667 0.0890302066773
1 0.892121212121 0.272655007949 0.0630303030303 0.0810810810811
1 0.916363636364 0.344197138315 0.0824242424242 0.0906200317965
1 0.870909090909 0.399046104928 0.0981818181818 0.10492845787
1 0.978787878788 0.676470588235 0.0424242424242 0.131955484897
