1 0.566828675577 0.475845410628 0.0643985419198 0.0950080515298
1 0.142770352369 0.861513687601 0.108140947752 0.161030595813
1 0.0613608748481 0.80193236715 0.0546780072904 0.112721417069
1 0.487241798299 0.812399355878 0.089914945322 0.152979066023
1 0.630619684083 0.909017713366 0.109356014581 0.165861513688
1 0.741798298906 0.917874396135 0.113001215067 0.144927536232
1 0.636087484812 0.95652173913 0.0984204131227 0.0740740740741
1 0.569258809235 0.756038647343 0.0911300121507 0.133655394525
1 0.37120291616 0.736714975845 0.0619684082625 0.0885668276973
1 0.272174969623 0.51690821256 0.041312272175 0.0740740740741
1 0.199878493317 0.466183574879 0.0376670716889 0.0724637681159
1 0.0686512758202 0.410628019324 0.0328068043742 0.061191626409
1 0.0765492102066 0.500805152979 0.0388821385176 0.0547504025765
1 0.670716889429 0.564412238325 0.0534629404617 0.0789049919485
1 0.654313487242 0.624798711755 0.0716889428919 0.109500805153
1 0.41312272175 0.573268921095 0.0704738760632 0.0837359098229
1 0.417982989064 0.615136876006 0.0388821385176 0.0837359098229
1 0.334143377886 0.559581320451 0.0558930741191 0.101449275362
1 0.314094775213 0.605475040258 0.0595382746051 0.115942028986
1 0.36695018226 0.631239935588 0.0364520048603 0.0579710144928
1 0.520048602673 0.673107890499 0.0558930741191 0.10305958132
1 0.602065613609 0.711755233494 0.0789793438639 0.132045088567
1 0.78857837181 0.535426731079 0.0656136087485 0.0885668276973
1 0.834143377886 0.484702093398 0.0595382746051 0.0740740740741
1 0.702308626974 0.686795491143 0.089914945322 0.101449275362
1 0.828068043742 0.689210950081 0.0984204131227 0.109500805153
1 0.723572296476 0.618357487923 0.0692588092345 0.0869565217391
1 0.937424058323 0.744766505636 0.0959902794654 0.12077294686
1 0.886998784933 0.630434782609 0.0801944106926 0.0885668276973
1 0.94957472661 0.497584541063 0.0643985419198 0.061191626409
1 0.891859052248 0.519323671498 0.0534629404617 0.0660225442834
1 0.845078979344 0.545893719807 0.0668286755772 0.0547504025765
1 0.818955042527 0.592592592593 0.0656136087485 0.0933977455717
1 0.653098420413 0.823671497585 0.0911300121507 0.0982286634461
