1 0.936517533253 0.453451043339 0.0858524788392 0.117174959872
1 0.211608222491 0.865971107544 0.15961305925 0.113964686998
1 0.535671100363 0.906902086677 0.157194679565 0.163723916533
1 0.36215235792 0.837078651685 0.170495767836 0.14606741573
1 0.229141475212 0.762439807384 0.170495767836 0.141252006421
1 0.532043530834 0.771268057785 0.142684401451 0.171749598716
1 0.117896009674 0.654093097913 0.112454655381 0.14606741573
1 0.0659008464329 0.864365971108 0.119709794438 0.15569823435
1 0.0507859733978 0.527287319422 0.0798065296252 0.126805778491
1 0.23276904474 0.646869983949 0.117291414752 0.138041733547
1 0.386940749698 0.767255216693 0.140266021765 0.141252006421
1 0.71100362757 0.609951845907 0.118500604595 0.131621187801
1 0.460096735187 0.552969502408 0.124546553809 0.113964686998
1 0.53022974607 0.6227929374 0.124546553809 0.128410914928
1 0.571342200726 0.565008025682 0.100362756953 0.134831460674
1 0.402660217654 0.648475120385 0.135429262394 0.131621187801
1 0.339782345828 0.607544141252 0.128174123337 0.117174959872
1 0.687424425635 0.76404494382 0.126964933495 0.128410914928
1 0.314389359129 0.47191011236 0.120918984281 0.118780096308
1 0.090084643289 0.337078651685 0.0785973397823 0.109149277689
1 0.630592503023 0.360353130016 0.0785973397823 0.0979133226324
1 0.459492140266 0.502407704655 0.111245465538 0.105939004815
1 0.582224909311 0.438202247191 0.10761789601 0.112359550562
1 0.423821039903 0.458266452648 0.112454655381 0.123595505618
1 0.567714631197 0.502407704655 0.10761789601 0.0930979133226
1 0.131197097944 0.418940609952 0.0785973397823 0.0866773675762
1 0.259371221282 0.413322632424 0.0979443772672 0.0979133226324
1 0.0713422007255 0.769662921348 0.135429262394 0.130016051364
1 0.701934703748 0.565008025682 0.151148730351 0.121990369181
1 0.659008464329 0.697431781701 0.140266021765 0.126805778491
1 0.373035066505 0.342696629213 0.0640870616687 0.0947030497592
