1 0.713763702801 0.584814216478 0.0925700365408 0.10662358643
1 0.94640682095 0.946688206785 0.0779537149817 0.0904684975767
1 0.713154689403 0.955573505654 0.0572472594397 0.0823909531502
1 0.65347137637 0.922455573506 0.0718635809988 0.142164781906
1 0.602923264312 0.864297253635 0.0535931790499 0.151857835218
1 0.554202192448 0.809369951535 0.0584652862363 0.0904684975767
1 0.970158343484 0.831179321486 0.0548112058465 0.159935379645
1 0.903775883069 0.85379644588 0.0803897685749 0.143780290792
1 0.825822168088 0.851373182553 0.0609013398295 0.122778675283
1 0.834348355664 0.743134087237 0.0535931790499 0.116316639742
1 0.830085261876 0.796445880452 0.0572472594397 0.0904684975767
1 0.762484774665 0.574313408724 0.0292326431181 0.0791599353796
1 0.761875761267 0.667205169628 0.0401948842875 0.0840064620355
1 0.912911084044 0.653473344103 0.0353227771011 0.0888529886914
1 0.872716199756 0.655896607431 0.0401948842875 0.10662358643
1 0.736906211937 0.624394184168 0.0389768574909 0.0662358642973
1 0.801461632156 0.652665589661 0.0341047503045 0.0904684975767
1 0.907429963459 0.78352180937 0.0609013398295 0.142164781906
