0 0.344701583435 0.922647527911 0.192448233861 0.154704944179
0 0.609013398295 0.837320574163 0.182704019488 0.318979266348
0 0.834957369062 0.883572567783 0.188794153471 0.226475279107
0 0.970158343484 0.825358851675 0.0523751522533 0.295055821372
0 0.476857490865 0.616427432217 0.144945188794 0.231259968102
0 0.713154689403 0.589314194577 0.120584652862 0.208931419458
0 0.868453105968 0.614035087719 0.155907429963 0.223285486443
0 0.718635809988 0.447368421053 0.0730816077954 0.116427432217
0 0.815468940317 0.467304625199 0.0791717417783 0.127591706539
0 0.626065773447 0.433014354067 0.0706455542022 0.125996810207
0 0.50365408039 0.464912280702 0.0962241169306 0.125996810207
0 0.757612667479 0.354066985646 0.0828258221681 0.102073365231
0 0.62484774665 0.327751196172 0.0511571254568 0.0781499202552
0 0.637637028015 0.251993620415 0.0426309378806 0.0606060606061
0 0.710109622412 0.255183413078 0.041412911084 0.0606060606061
0 0.68209500609 0.221690590112 0.0365408038977 0.0478468899522
0 0.536540803898 0.324561403509 0.0426309378806 0.0653907496013
0 0.523142509135 0.267942583732 0.0450669914738 0.066985645933
0 0.551157125457 0.240829346093 0.047503045067 0.066985645933
0 0.86053593179 0.351674641148 0.0621193666261 0.097288676236
0 0.866017052375 0.311802232855 0.0535931790499 0.0717703349282
0 0.911693057247 0.304625199362 0.0645554202192 0.0925039872408
0 0.571863580999 0.212121212121 0.0401948842875 0.0542264752791
0 0.962241169306 0.578149920255 0.0657734470158 0.18341307815
0 0.945188794153 0.454545454545 0.102314250914 0.13716108453
0 0.590133982948 0.187400318979 0.0377588306943 0.0494417862839
