0 0.192865779927 0.711091234347 0.36638452237 0.345259391771
0 0.394195888755 0.556350626118 0.399032648126 0.325581395349
0 0.585852478839 0.408765652952 0.313180169287 0.25939177102
0 0.618500604595 0.280858676208 0.30592503023 0.21824686941
0 0.282345828295 0.279964221825 0.230955259976 0.187835420394
0 0.321039903265 0.192307692308 0.199516324063 0.155635062612
0 0.906287787183 0.334525939177 0.163240628779 0.211091234347
0 0.909915356711 0.600178890877 0.180169286578 0.302325581395
0 0.798669891173 0.830053667263 0.388149939541 0.322003577818
0 0.551995163241 0.135062611807 0.252720677146 0.162790697674
0 0.0513905683192 0.450805008945 0.0979443772672 0.193202146691
0 0.916565900846 0.191413237925 0.133010882709 0.157423971377
0 0.125755743652 0.0724508050089 0.241837968561 0.141323792487
