0 0.220747889023 0.84370015949 0.176115802171 0.312599681021
0 0.439083232811 0.884370015949 0.180940892642 0.218500797448
0 0.655006031363 0.835725677831 0.200241254524 0.309409888357
0 0.877563329312 0.885964912281 0.235223160434 0.215311004785
0 0.0910735826297 0.622009569378 0.138721351025 0.22966507177
0 0.326296743064 0.598883572568 0.119420989144 0.215311004785
0 0.47466827503 0.628389154705 0.158021712907 0.22966507177
0 0.611580217129 0.586124401914 0.149577804584 0.19298245614
0 0.112786489747 0.469696969697 0.0952955367913 0.135566188198
0 0.237032569361 0.43620414673 0.0735826296743 0.11961722488
0 0.327503015682 0.452950558214 0.0711700844391 0.121212121212
0 0.423401688782 0.47288676236 0.0772014475271 0.125996810207
0 0.572376357057 0.457735247209 0.138721351025 0.124401913876
0 0.367310012063 0.360446570973 0.0856453558504 0.0956937799043
0 0.465018094089 0.358054226475 0.0663449939686 0.0940988835726
0 0.235223160434 0.33014354067 0.0530759951749 0.0829346092504
0 0.250301568154 0.259170653907 0.0422195416164 0.0590111642743
0 0.320265379976 0.259968102073 0.0422195416164 0.0606060606061
0 0.358262967431 0.301435406699 0.0627261761158 0.066985645933
0 0.519903498191 0.314194577352 0.065138721351 0.0893141945774
0 0.132086851628 0.271929824561 0.0494571773221 0.0622009569378
0 0.159227985525 0.246411483254 0.0458383594692 0.0653907496013
0 0.690591073583 0.419457735247 0.133896260555 0.124401913876
0 0.768395657419 0.511164274322 0.180940892642 0.154704944179
0 0.294933655006 0.226475279107 0.037394451146 0.0510366826156
0 0.183956574186 0.219298245614 0.0422195416164 0.0398724082935
0 0.198431845597 0.190590111643 0.0349819059107 0.0526315789474
0 0.486731001206 0.263157894737 0.0470446320869 0.0606060606061
