0 0.840438489647 0.89165329053 0.304506699147 0.210272873194
0 0.84287454324 0.788121990369 0.285018270402 0.266452648475
0 0.790499390987 0.543338683788 0.16077953715 0.14606741573
0 0.716199756395 0.600321027287 0.0998781973203 0.118780096308
0 0.552984165652 0.700642054575 0.209500609013 0.223113964687
0 0.45371498173 0.77367576244 0.186358099878 0.22150882825
0 0.263702801462 0.702247191011 0.152253349574 0.223113964687
0 0.284409257004 0.564205457464 0.108404384896 0.123595505618
0 0.395249695493 0.550561797753 0.127892813642 0.154093097913
0 0.112058465286 0.487961476726 0.0755176613886 0.125200642055
0 0.42143727162 0.41974317817 0.1071863581 0.101123595506
0 0.401339829476 0.463884430177 0.0816077953715 0.105939004815
0 0.223507917174 0.45264847512 0.0840438489647 0.118780096308
0 0.6071863581 0.475120385233 0.108404384896 0.105939004815
0 0.612058465286 0.441412520064 0.118148599269 0.0802568218299
0 0.966504263094 0.677367576244 0.0523751522533 0.131621187801
0 0.161997563946 0.406902086677 0.0560292326431 0.0850722311396
0 0.0749086479903 0.404494382022 0.0572472594397 0.102728731942
0 0.147990255786 0.364365971108 0.0450669914738 0.0642054574639
0 0.217417783191 0.357945425361 0.0718635809988 0.0802568218299
0 0.478075517661 0.38683788122 0.0669914738124 0.0802568218299
0 0.0998781973203 0.333868378812 0.0657734470158 0.0642054574639
0 0.0511571254568 0.356340288925 0.0560292326431 0.099518459069
