0 0.337756332931 0.895666131621 0.499396863691 0.205457463884
0 0.679131483715 0.632423756019 0.332931242461 0.263242375602
0 0.197225572979 0.695024077047 0.302774427021 0.234349919743
0 0.184559710495 0.507223113965 0.26779252111 0.199036918138
0 0.499396863691 0.494382022472 0.265379975875 0.170144462279
0 0.285283474065 0.407704654896 0.240048250905 0.16051364366
0 0.425814234017 0.345906902087 0.168878166466 0.136436597111
0 0.209891435464 0.292134831461 0.16646562123 0.099518459069
0 0.0687575392039 0.326645264848 0.130277442702 0.133226324238
0 0.0971049457177 0.208667736758 0.148371531966 0.102728731942
0 0.310615199035 0.227929373997 0.189384800965 0.134831460674
0 0.965018094089 0.5658105939 0.0627261761158 0.242375601926
0 0.0639324487334 0.264847512039 0.115802171291 0.0930979133226
