0 0.212817412334 0.68759936407 0.386940749698 0.230524642289
0 0.163240628779 0.899046104928 0.314389359129 0.186009538951
0 0.0707376058041 0.447535771065 0.134220072551 0.233704292528
0 0.0882708585248 0.214626391097 0.171704957678 0.203497615262
0 0.152962515115 0.139904610493 0.243047158404 0.165341812401
0 0.249697702539 0.0659777424483 0.175332527207 0.106518282989
0 0.388149939541 0.163751987281 0.171704957678 0.133545310016
0 0.380894800484 0.262321144674 0.195888754534 0.0953895071542
0 0.366989117291 0.394276629571 0.301088270859 0.203497615262
0 0.56469165659 0.27106518283 0.147521160822 0.122416534181
0 0.461910519952 0.101748807631 0.149939540508 0.114467408585
0 0.631197097944 0.130365659777 0.120918984281 0.0826709062003
0 0.701330108827 0.18839427663 0.130592503023 0.0906200317965
0 0.70253929867 0.269475357711 0.118500604595 0.106518282989
0 0.816203143894 0.279014308426 0.0773881499395 0.087440381558
0 0.826481257557 0.199523052464 0.10761789601 0.0842607313196
0 0.743651753325 0.137519872814 0.0918984280532 0.0620031796502
0 0.726723095526 0.379173290938 0.147521160822 0.112877583466
0 0.752720677146 0.495230524642 0.16807738815 0.122416534181
0 0.759975816203 0.655802861685 0.209189842805 0.179650238474
0 0.928053204353 0.598569157393 0.122128174123 0.154213036566
0 0.934703748489 0.769475357711 0.123337363966 0.178060413355
0 0.870012091898 0.385532591415 0.117291414752 0.109697933227
0 0.958887545345 0.35453100159 0.0749697702539 0.108108108108
0 0.981257557437 0.445151033386 0.0350665054414 0.0985691573927
0 0.908706166868 0.259936406995 0.0882708585248 0.112877583466
0 0.980652962515 0.310810810811 0.0386940749698 0.087440381558
0 0.920193470375 0.170906200318 0.0652962515115 0.0620031796502
0 0.980652962515 0.189189189189 0.0411124546554 0.0572337042925
0 0.981862152358 0.252782193959 0.0338573155985 0.0540540540541
0 0.0205562273277 0.0421303656598 0.0362756952842 0.0747217806041
0 0.764207980653 0.872019077901 0.353083434099 0.240063593005
