0 0.624542124542 0.938625204583 0.338217338217 0.112929623568
0 0.202686202686 0.882160392799 0.385836385836 0.225859247136
0 0.808302808303 0.731587561375 0.37851037851 0.301145662848
0 0.260683760684 0.654664484452 0.316239316239 0.261865793781
0 0.314407814408 0.510638297872 0.260073260073 0.199672667758
0 0.652625152625 0.500818330606 0.316239316239 0.238952536825
0 0.952380952381 0.556464811784 0.0927960927961 0.219312602291
0 0.0671550671551 0.558919803601 0.126984126984 0.184942716858
0 0.112942612943 0.445990180033 0.218559218559 0.18821603928
0 0.192918192918 0.362520458265 0.205128205128 0.142389525368
0 0.313186813187 0.310965630115 0.159951159951 0.111292962357
0 0.485347985348 0.338788870704 0.186813186813 0.121112929624
0 0.686813186813 0.373977086743 0.223443223443 0.11620294599
0 0.713064713065 0.265957446809 0.212454212454 0.145662847791
0 0.948717948718 0.273322422259 0.100122100122 0.0589198036007
0 0.919413919414 0.380523731588 0.151404151404 0.184942716858
0 0.487179487179 0.272504091653 0.180708180708 0.106382978723
0 0.537240537241 0.250409165303 0.153846153846 0.0981996726678
0 0.042735042735 0.234860883797 0.0854700854701 0.0834697217676
0 0.0573870573871 0.29705400982 0.10989010989 0.119476268412
0 0.0622710622711 0.160392798691 0.114774114774 0.0818330605565
0 0.37851037851 0.434533551555 0.205128205128 0.152209492635
0 0.17032967033 0.236497545008 0.208791208791 0.122749590835
0 0.305860805861 0.184942716858 0.245421245421 0.180032733224
