0 0.347746650426 0.8272 0.239951278928 0.3296
0 0.736297198538 0.8872 0.31790499391 0.2096
0 0.223507917174 0.6304 0.152253349574 0.24
0 0.151035322777 0.5008 0.116930572473 0.1664
0 0.101096224117 0.3944 0.0901339829476 0.1264
0 0.475639464068 0.7056 0.239951278928 0.2656
0 0.611449451888 0.6408 0.26065773447 0.2608
0 0.890377588307 0.66 0.209500609013 0.3248
0 0.727771010962 0.5232 0.16443361754 0.1888
0 0.613276492083 0.4184 0.154689403167 0.1456
0 0.513398294762 0.4568 0.154689403167 0.1328
0 0.424482338611 0.4776 0.161997563946 0.1712
0 0.275883069428 0.3696 0.10353227771 0.1152
0 0.217417783191 0.2992 0.0791717417783 0.112
0 0.157734470158 0.2688 0.0621193666261 0.0768
0 0.074299634592 0.2432 0.0584652862363 0.0768
0 0.0481120584653 0.2048 0.0328867235079 0.0448
0 0.0182704019488 0.1696 0.026796589525 0.048
0 0.651035322777 0.2928 0.105968331303 0.0992
0 0.204628501827 0.184 0.0341047503045 0.032
0 0.238733252132 0.1904 0.0389768574909 0.048
0 0.283191230207 0.1952 0.0426309378806 0.0256
0 0.949451887942 0.4688 0.088915956151 0.0736
