0 0.515151515152 0.830112721417 0.56 0.330112721417
0 0.137575757576 0.735104669887 0.224242424242 0.330112721417
0 0.456363636364 0.482286634461 0.374545454545 0.252818035427
0 0.155151515152 0.183574879227 0.290909090909 0.257648953301
0 0.802424242424 0.211755233494 0.16 0.130434782609
0 0.695757575758 0.252818035427 0.206060606061 0.141706924316
0 0.499393939394 0.144927536232 0.206060606061 0.183574879227
0 0.154545454545 0.0644122383253 0.277575757576 0.119162640902
0 0.0933333333333 0.44847020934 0.169696969697 0.256038647343
0 0.432121212121 0.217391304348 0.267878787879 0.144927536232
0 0.428484848485 0.323671497585 0.29696969697 0.154589371981
0 0.870909090909 0.770531400966 0.253333333333 0.236714975845
0 0.902424242424 0.928341384863 0.187878787879 0.136876006441
0 0.709090909091 0.358293075684 0.193939393939 0.165861513688
0 0.947878787879 0.243961352657 0.0969696969697 0.0885668276973
0 0.970303030303 0.304347826087 0.049696969697 0.0676328502415
0 0.831515151515 0.408212560386 0.283636363636 0.207729468599
