0 0.78007290401 0.889245585875 0.371810449575 0.22150882825
0 0.468408262454 0.669341894061 0.43134872418 0.314606741573
0 0.162211421628 0.775280898876 0.321992709599 0.327447833066
0 0.119684082625 0.549759229535 0.234507897934 0.242375601926
0 0.25212636695 0.390850722311 0.224787363305 0.162118780096
0 0.320170109356 0.314606741573 0.205346294046 0.157303370787
0 0.0832320777643 0.272070626003 0.156743620899 0.130016051364
0 0.0437424058323 0.34430176565 0.0801944106926 0.139646869984
0 0.561968408262 0.514446227929 0.31227217497 0.248796147673
0 0.595382746051 0.409309791332 0.308626974484 0.199036918138
0 0.583839611179 0.280096308186 0.261239368165 0.174959871589
0 0.89489671932 0.481540930979 0.198055893074 0.192616372392
0 0.893681652491 0.719101123596 0.205346294046 0.269662921348
0 0.905224787363 0.33467094703 0.160388821385 0.130016051364
0 0.358444714459 0.0738362760835 0.140947752126 0.0738362760835
