0 0.566382460414 0.775362318841 0.250913520097 0.275362318841
0 0.295371498173 0.717391304348 0.186358099878 0.243156199678
0 0.07856272838 0.58615136876 0.113276492083 0.167471819646
0 0.207673568819 0.466988727858 0.105968331303 0.132045088567
0 0.305115712546 0.471819645733 0.113276492083 0.112721417069
0 0.0864799025579 0.390499194847 0.0730816077954 0.0885668276973
0 0.0420219244823 0.331723027375 0.0572472594397 0.0579710144928
0 0.409866017052 0.400161030596 0.120584652862 0.0821256038647
0 0.200365408039 0.35346215781 0.074299634592 0.0660225442834
0 0.465286236297 0.466988727858 0.1071863581 0.0966183574879
0 0.46772228989 0.571658615137 0.192448233861 0.186795491143
0 0.356272838002 0.593397745572 0.152253349574 0.175523349436
0 0.0797807551766 0.29307568438 0.0426309378806 0.0515297906602
0 0.0395858708892 0.256843800322 0.0401948842875 0.0531400966184
0 0.247259439708 0.311594202899 0.0560292326431 0.0692431561997
0 0.187576126675 0.280193236715 0.0487210718636 0.048309178744
0 0.8215590743 0.669887278583 0.215590742996 0.222222222222
0 0.780755176614 0.769726247987 0.316686967113 0.338164251208
0 0.575517661389 0.552334943639 0.15712545676 0.180354267311
