0 0.433051869723 0.8113964687 0.340168878166 0.268057784912
0 0.820868516285 0.777688603531 0.24246079614 0.207062600321
0 0.279855247286 0.609149277689 0.32328106152 0.245585874799
0 0.539806996381 0.536115569823 0.261761158022 0.218298555377
0 0.798552472859 0.621187800963 0.190591073583 0.157303370787
0 0.755126658625 0.503210272873 0.178528347407 0.162118780096
0 0.898673100121 0.505617977528 0.123039806996 0.128410914928
0 0.953558504222 0.717495987159 0.0832328106152 0.179775280899
0 0.134499396864 0.381219903692 0.264173703257 0.191011235955
0 0.406513872135 0.418138041734 0.2123039807 0.15569823435
0 0.58564535585 0.393258426966 0.167671893848 0.121990369181
0 0.729191797346 0.39165329053 0.141133896261 0.118780096308
0 0.840168878166 0.390850722311 0.0856453558504 0.0979133226324
0 0.968636911942 0.474317817014 0.0506634499397 0.0979133226324
0 0.181544028951 0.294542536116 0.252110977081 0.168539325843
0 0.407720144753 0.310593900482 0.190591073583 0.123595505618
0 0.713510253317 0.313804173355 0.148371531966 0.091492776886
0 0.835946924005 0.313804173355 0.127864897467 0.0786516853933
0 0.0530759951749 0.195024077047 0.0989143546441 0.15569823435
0 0.269601930036 0.235152487961 0.189384800965 0.117174959872
0 0.478890229192 0.250401284109 0.154402895054 0.109149277689
0 0.642943305187 0.262439807384 0.125452352232 0.0947030497592
0 0.769601930036 0.266452648475 0.0940892641737 0.0706260032103
0 0.931242460796 0.375601926164 0.0989143546441 0.125200642055
0 0.0428226779252 0.708667736758 0.0735826296743 0.280898876404
0 0.441495778046 0.934991974318 0.388419782871 0.126805778491
