0 0.0866910866911 0.230524642289 0.163614163614 0.241653418124
0 0.0561660561661 0.0651828298887 0.105006105006 0.117647058824
0 0.168498168498 0.593799682035 0.324786324786 0.322734499205
0 0.125152625153 0.905405405405 0.242979242979 0.179650238474
0 0.476800976801 0.72893481717 0.221001221001 0.246422893482
0 0.867521367521 0.672496025437 0.189255189255 0.184419713831
0 0.464590964591 0.515898251192 0.308913308913 0.220985691574
0 0.235653235653 0.105723370429 0.205128205128 0.138314785374
0 0.229548229548 0.0341812400636 0.227106227106 0.0588235294118
0 0.436507936508 0.0572337042925 0.179487179487 0.101748807631
0 0.570818070818 0.174085850556 0.172161172161 0.144674085851
0 0.684371184371 0.314785373609 0.177045177045 0.162162162162
0 0.708791208791 0.162957074722 0.125763125763 0.116057233704
0 0.604395604396 0.0739268680445 0.129426129426 0.093799682035
0 0.8663003663 0.240063593005 0.111111111111 0.0890302066773
0 0.820512820513 0.158187599364 0.117216117216 0.109697933227
0 0.920024420024 0.153418124006 0.0891330891331 0.0810810810811
0 0.954212454212 0.240063593005 0.0818070818071 0.0953895071542
0 0.738095238095 0.0715421303657 0.115995115995 0.0922098569157
0 0.839438339438 0.0866454689984 0.103785103785 0.0747217806041
0 0.335164835165 0.169316375199 0.289377289377 0.214626391097
