0 0.882173382173 0.846839546191 0.147741147741 0.306320907618
0 0.706349206349 0.905996758509 0.150183150183 0.178282009724
0 0.716727716728 0.7585089141 0.105006105006 0.207455429498
0 0.552503052503 0.799027552674 0.142857142857 0.278768233387
0 0.250305250305 0.770664505673 0.200244200244 0.228525121556
0 0.362026862027 0.833063209076 0.235653235653 0.327390599676
0 0.465201465201 0.601296596434 0.129426129426 0.155591572123
0 0.377289377289 0.55510534846 0.139194139194 0.179902755267
0 0.628815628816 0.573743922204 0.0830280830281 0.149108589951
0 0.736874236874 0.589951377634 0.0866910866911 0.152350081037
0 0.887667887668 0.645056726094 0.105006105006 0.213938411669
0 0.81746031746 0.511345218801 0.0793650793651 0.134521880065
0 0.759462759463 0.449756888169 0.0683760683761 0.111831442464
0 0.487179487179 0.438411669368 0.100122100122 0.121555915721
0 0.537851037851 0.388978930308 0.0622710622711 0.103727714749
0 0.733211233211 0.410858995138 0.047619047619 0.0794165316045
0 0.582417582418 0.337925445705 0.043956043956 0.0761750405186
0 0.60927960928 0.311993517018 0.039072039072 0.0696920583468
0 0.739316239316 0.316045380875 0.047619047619 0.0421393841167
0 0.665445665446 0.339546191248 0.046398046398 0.0405186385737
