0 0.455104551046 0.860232945092 0.214022140221 0.262895174709
0 0.294587945879 0.681364392679 0.161131611316 0.257903494176
0 0.186346863469 0.501663893511 0.0971709717097 0.134775374376
0 0.330873308733 0.526622296173 0.115621156212 0.191347753744
0 0.565190651907 0.784525790349 0.247232472325 0.331114808652
0 0.848093480935 0.834442595674 0.29643296433 0.321131447587
0 0.733087330873 0.618968386023 0.206642066421 0.219633943428
0 0.536285362854 0.597337770383 0.179581795818 0.209650582363
0 0.845633456335 0.617304492512 0.173431734317 0.196339434276
0 0.936039360394 0.596505823627 0.120541205412 0.1846921797
0 0.79704797048 0.491680532446 0.132841328413 0.128119800333
0 0.70049200492 0.48003327787 0.131611316113 0.144758735441
0 0.586715867159 0.523294509151 0.123001230012 0.141430948419
0 0.453874538745 0.482529118136 0.105781057811 0.139767054908
0 0.568265682657 0.414309484193 0.130381303813 0.126455906822
0 0.765682656827 0.397670549085 0.141451414514 0.106489184692
0 0.461254612546 0.383527454243 0.0959409594096 0.08153078203
0 0.364698646986 0.409317803661 0.09963099631 0.103161397671
0 0.261992619926 0.44925124792 0.10086100861 0.126455906822
0 0.156826568266 0.369384359401 0.070110701107 0.113144758735
0 0.247232472325 0.3768718802 0.0738007380074 0.0915141430948
0 0.30442804428 0.375207986689 0.0774907749077 0.0915141430948
0 0.367773677737 0.343594009983 0.0910209102091 0.0881863560732
0 0.453259532595 0.33693843594 0.070110701107 0.0782029950083
0 0.611931119311 0.329450915141 0.0873308733087 0.0798668885191
0 0.566420664207 0.341098169717 0.079950799508 0.0565723793677
0 0.10393603936 0.319467554077 0.0627306273063 0.0765391014975
0 0.167281672817 0.309484193012 0.0639606396064 0.0931780366057
0 0.884993849938 0.474209650582 0.143911439114 0.106489184692
0 0.258302583026 0.320299500832 0.0565805658057 0.044925124792
0 0.222632226322 0.287021630616 0.0541205412054 0.0782029950083
