0 0.0356711003628 0.8072 0.0640870616687 0.2608
0 0.455259975816 0.6832 0.252720677146 0.1888
0 0.137243047158 0.596 0.259975816203 0.216
0 0.217049576784 0.396 0.141475211608 0.1392
0 0.545949214027 0.5536 0.182587666264 0.1504
0 0.654776299879 0.44 0.143893591294 0.1024
0 0.703748488513 0.5248 0.147521160822 0.1184
0 0.848246674728 0.6384 0.197097944377 0.1472
0 0.842805320435 0.508 0.123337363966 0.104
0 0.859733978235 0.44 0.0967351874244 0.0736
0 0.950423216445 0.5104 0.0846432889964 0.0864
0 0.961910519952 0.6144 0.0665054413543 0.1056
0 0.775090689238 0.78 0.263603385732 0.2352
0 0.899637243047 0.8792 0.183796856106 0.232
0 0.0888754534462 0.42 0.170495767836 0.1808
