0 0.284493284493 0.937198067633 0.20757020757 0.125603864734
0 0.447496947497 0.814814814815 0.245421245421 0.29307568438
0 0.28021978022 0.80193236715 0.213675213675 0.212560386473
0 0.0653235653236 0.904186795491 0.115995115995 0.178743961353
0 0.0726495726496 0.790660225443 0.135531135531 0.164251207729
0 0.0909645909646 0.692431561997 0.167277167277 0.128824476651
0 0.296092796093 0.660225442834 0.179487179487 0.173913043478
0 0.282051282051 0.597423510467 0.178266178266 0.135265700483
0 0.43894993895 0.65539452496 0.164835164835 0.144927536232
0 0.559829059829 0.5692431562 0.108669108669 0.12077294686
0 0.523199023199 0.521739130435 0.120879120879 0.122383252818
0 0.440170940171 0.510466988728 0.113553113553 0.112721417069
0 0.615384615385 0.647342995169 0.131868131868 0.177133655395
0 0.689865689866 0.709339774557 0.131868131868 0.169082125604
0 0.748473748474 0.830112721417 0.175824175824 0.230273752013
0 0.898046398046 0.886473429952 0.145299145299 0.156199677939
0 0.930402930403 0.782608695652 0.13431013431 0.167471819646
0 0.839438339438 0.66344605475 0.103785103785 0.138486312399
0 0.71916971917 0.581320450886 0.102564102564 0.112721417069
0 0.760073260073 0.507246376812 0.0744810744811 0.0772946859903
0 0.864468864469 0.490338164251 0.0805860805861 0.114331723027
0 0.64652014652 0.518518518519 0.0647130647131 0.0966183574879
0 0.616605616606 0.469404186795 0.0927960927961 0.0950080515298
0 0.691086691087 0.467793880837 0.0781440781441 0.107890499195
0 0.773504273504 0.447665056361 0.0647130647131 0.0805152979066
0 0.916971916972 0.467793880837 0.0634920634921 0.0724637681159
0 0.971916971917 0.436392914654 0.0512820512821 0.0676328502415
0 0.547619047619 0.450885668277 0.0891330891331 0.0740740740741
0 0.847374847375 0.373590982287 0.043956043956 0.0644122383253
0 0.810744810745 0.408212560386 0.046398046398 0.0628019323671
0 0.746031746032 0.400161030596 0.043956043956 0.0499194847021
0 0.686202686203 0.384057971014 0.0683760683761 0.0466988727858
0 0.823565323565 0.347020933977 0.0573870573871 0.0499194847021
0 0.742979242979 0.356682769726 0.0549450549451 0.0499194847021
0 0.767399267399 0.381642512077 0.0525030525031 0.048309178744
0 0.885225885226 0.359903381643 0.041514041514 0.0402576489533
