0 0.304848484848 0.459459459459 0.427878787879 0.257551669316
0 0.607272727273 0.68839427663 0.385454545455 0.248012718601
0 0.157575757576 0.0922098569157 0.307878787879 0.162162162162
0 0.391515151515 0.214626391097 0.351515151515 0.209856915739
0 0.756363636364 0.39507154213 0.298181818182 0.198728139905
0 0.450303030303 0.887917329094 0.517575757576 0.220985691574
0 0.75696969697 0.27186009539 0.224242424242 0.130365659777
0 0.532727272727 0.139904610493 0.238787878788 0.178060413355
0 0.932121212121 0.27106518283 0.126060606061 0.131955484897
0 0.841212121212 0.109697933227 0.155151515152 0.120826709062
0 0.627878787879 0.0810810810811 0.181818181818 0.130365659777
0 0.355757575758 0.0564387917329 0.134545454545 0.0906200317965
0 0.969696969697 0.137519872814 0.0557575757576 0.093799682035
0 0.764848484848 0.165341812401 0.193939393939 0.130365659777
