0 0.200606060606 0.87440381558 0.393939393939 0.238473767886
0 0.108484848485 0.561208267091 0.202424242424 0.213036565978
0 0.181212121212 0.448330683625 0.253333333333 0.193958664547
0 0.278787878788 0.330683624801 0.259393939394 0.18759936407
0 0.943636363636 0.784578696343 0.105454545455 0.310015898251
0 0.82303030303 0.544515103339 0.346666666667 0.278219395866
0 0.531515151515 0.27027027027 0.229090909091 0.158982511924
0 0.0872727272727 0.248012718601 0.172121212121 0.120826709062
0 0.15696969697 0.184419713831 0.146666666667 0.0953895071542
0 0.407878787879 0.0651828298887 0.156363636364 0.10492845787
0 0.717575757576 0.370429252782 0.329696969697 0.232114467409
