0 0.471306471306 0.825842696629 0.275946275946 0.274478330658
0 0.253968253968 0.728731942215 0.190476190476 0.192616372392
0 0.331501831502 0.601123595506 0.130647130647 0.14606741573
0 0.863247863248 0.753611556982 0.258852258852 0.229534510433
0 0.901098901099 0.926163723917 0.178266178266 0.138041733547
0 0.653235653236 0.439004815409 0.202686202686 0.130016051364
0 0.626984126984 0.383627608347 0.162393162393 0.083467094703
0 0.288156288156 0.323434991974 0.0952380952381 0.0850722311396
0 0.228327228327 0.434991974318 0.105006105006 0.105939004815
0 0.0677655677656 0.483146067416 0.0793650793651 0.0802568218299
0 0.794871794872 0.317817014446 0.161172161172 0.0866773675762
