1 0.737032569361 0.39546191248 0.0289505428227 0.0810372771475
1 0.734620024125 0.303889789303 0.0168878166466 0.0534846029173
1 0.687575392039 0.299837925446 0.0144752714113 0.064829821718
1 0.917973462002 0.380064829822 0.0193003618818 0.0664505672609
1 0.847406513872 0.355753646677 0.0349819059107 0.0664505672609
1 0.832328106152 0.299837925446 0.021712907117 0.0486223662885
1 0.753317249698 0.237439222042 0.015681544029 0.0372771474878
1 0.910132689988 0.343598055105 0.0180940892642 0.0486223662885
1 0.795536791315 0.272285251216 0.0422195416164 0.0486223662885
1 0.480699638118 0.673419773096 0.0615199034982 0.144246353323
