1 0.161782661783 0.560192616372 0.169719169719 0.157303370787
1 0.230158730159 0.479133226324 0.142857142857 0.149277688604
1 0.349816849817 0.52808988764 0.120879120879 0.138041733547
1 0.443833943834 0.562600321027 0.0915750915751 0.16532905297
1 0.523199023199 0.787319422151 0.0989010989011 0.15569823435
1 0.443223443223 0.88683788122 0.107448107448 0.142857142857
1 0.648962148962 0.718298555377 0.140415140415 0.158908507223
1 0.599511599512 0.483948635634 0.0781440781441 0.130016051364
1 0.809523809524 0.47191011236 0.0805860805861 0.0738362760835
1 0.840659340659 0.66051364366 0.0793650793651 0.0947030497592
1 0.935286935287 0.643659711075 0.0757020757021 0.102728731942
1 0.921245421245 0.673354735152 0.0744810744811 0.0722311396469
1 0.97557997558 0.776083467095 0.043956043956 0.14606741573
1 0.781440781441 0.703852327448 0.0976800976801 0.0658105939005
1 0.912698412698 0.308988764045 0.0549450549451 0.0786516853933
1 0.855311355311 0.295345104334 0.030525030525 0.0642054574639
1 0.904761904762 0.243980738363 0.03663003663 0.0353130016051
