1 0.500606060606 0.918918918919 0.0630303030303 0.158982511924
1 0.456363636364 0.713036565978 0.0448484848485 0.138314785374
1 0.420606060606 0.647058823529 0.0387878787879 0.133545310016
1 0.46 0.637519872814 0.0472727272727 0.117647058824
1 0.504848484848 0.635930047695 0.049696969697 0.133545310016
1 0.892121212121 0.621621621622 0.0751515151515 0.111287758347
1 0.729696969697 0.529411764706 0.0436363636364 0.0922098569157
1 0.687878787879 0.546899841017 0.0375757575758 0.0890302066773
1 0.645454545455 0.472178060413 0.0278787878788 0.0858505564388
1 0.573333333333 0.399046104928 0.0266666666667 0.0572337042925
1 0.325454545455 0.306836248013 0.0157575757576 0.0317965023847
1 0.310909090909 0.257551669316 0.0133333333333 0.0317965023847
