1 0.817295980512 0.703852327448 0.0438489646772 0.133226324238
1 0.512789281364 0.695826645265 0.0730816077954 0.14606741573
1 0.41778319123 0.80176565008 0.0779537149817 0.142857142857
1 0.308160779537 0.898876404494 0.109622411693 0.189406099518
1 0.210109622412 0.961476725522 0.101096224117 0.0738362760835
1 0.0401948842875 0.611556982343 0.0706455542022 0.128410914928
1 0.774665042631 0.595505617978 0.0316686967113 0.121990369181
1 0.792326431181 0.508828250401 0.0377588306943 0.109149277689
1 0.895249695493 0.519261637239 0.0292326431181 0.104333868379
1 0.692448233861 0.445425361156 0.0280146163216 0.0690208667737
1 0.763093788063 0.463081861958 0.0280146163216 0.0882825040128
1 0.969549330085 0.418138041734 0.026796589525 0.0754414125201
1 0.908647990256 0.463884430177 0.0292326431181 0.083467094703
1 0.740560292326 0.38202247191 0.026796589525 0.0738362760835
1 0.741778319123 0.325040128411 0.0219244823386 0.0497592295345
1 0.0669914738124 0.552166934189 0.0535931790499 0.083467094703
1 0.147990255786 0.780096308186 0.0645554202192 0.157303370787
1 0.725334957369 0.280898876404 0.020706455542 0.0449438202247
1 0.753958587089 0.282504012841 0.0194884287454 0.0513643659711
1 0.839829476248 0.294542536116 0.0255785627284 0.0497592295345
