1 0.298181818182 0.4608 0.0193939393939 0.0448
1 0.254545454545 0.424 0.0145454545455 0.0384
1 0.337575757576 0.4784 0.0230303030303 0.048
1 0.379393939394 0.5104 0.0193939393939 0.0544
1 0.206666666667 0.4632 0.0181818181818 0.0464
1 0.358181818182 0.516 0.0230303030303 0.0464
1 0.392727272727 0.5848 0.0266666666667 0.072
1 0.405454545455 0.556 0.0157575757576 0.0496
1 0.411515151515 0.6032 0.0230303030303 0.064
1 0.435151515152 0.5352 0.0193939393939 0.0272
1 0.441212121212 0.5736 0.0290909090909 0.0432
1 0.475151515152 0.6024 0.0242424242424 0.0656
1 0.449090909091 0.6128 0.0327272727273 0.0544
1 0.375151515152 0.6344 0.0327272727273 0.0464
1 0.43696969697 0.6568 0.030303030303 0.0784
1 0.398181818182 0.6848 0.0351515151515 0.0768
1 0.258787878788 0.9112 0.049696969697 0.1264
1 0.316363636364 0.9504 0.0533333333333 0.0896
1 0.187878787879 0.8016 0.0436363636364 0.0864
1 0.675757575758 0.9624 0.0424242424242 0.072
1 0.568484848485 0.9688 0.0533333333333 0.0624
1 0.542424242424 0.8848 0.0569696969697 0.128
1 0.453333333333 0.872 0.0654545454545 0.0992
1 0.406060606061 0.8176 0.0339393939394 0.0704
1 0.465454545455 0.8256 0.0460606060606 0.1152
1 0.475151515152 0.7744 0.0436363636364 0.1152
1 0.607878787879 0.8768 0.0618181818182 0.176
1 0.682424242424 0.9048 0.0533333333333 0.1136
1 0.904242424242 0.944 0.0436363636364 0.0928
1 0.851515151515 0.8984 0.0715151515152 0.1168
1 0.809696969697 0.9136 0.0678787878788 0.1248
1 0.784242424242 0.8376 0.0606060606061 0.1136
1 0.835151515152 0.8072 0.0557575757576 0.0688
1 0.950909090909 0.9104 0.0787878787879 0.1184
1 0.931515151515 0.8664 0.0715151515152 0.0752
1 0.94 0.8312 0.0666666666667 0.0784
1 0.539393939394 0.812 0.0606060606061 0.1296
1 0.649696969697 0.7832 0.0387878787879 0.0912
1 0.688484848485 0.8312 0.0436363636364 0.0848
1 0.547272727273 0.732 0.0375757575758 0.1264
1 0.508484848485 0.684 0.0351515151515 0.1072
1 0.483636363636 0.6912 0.0387878787879 0.08
1 0.530909090909 0.5888 0.0290909090909 0.0576
1 0.58 0.6528 0.0278787878788 0.0448
1 0.618787878788 0.7112 0.0351515151515 0.0784
1 0.601818181818 0.712 0.0545454545455 0.064
1 0.589090909091 0.7584 0.0387878787879 0.0768
1 0.686060606061 0.7416 0.0533333333333 0.0944
