1 0.14652014652 0.816425120773 0.0634920634921 0.170692431562
1 0.236874236874 0.899355877617 0.0781440781441 0.159420289855
1 0.357142857143 0.78421900161 0.0525030525031 0.132045088567
1 0.218559218559 0.665861513688 0.0683760683761 0.130434782609
1 0.43956043956 0.553945249597 0.034188034188 0.0837359098229
1 0.56105006105 0.628824476651 0.047619047619 0.0917874396135
1 0.452991452991 0.929146537842 0.0903540903541 0.132045088567
1 0.60989010989 0.917874396135 0.0622710622711 0.164251207729
1 0.645299145299 0.842995169082 0.0647130647131 0.143317230274
1 0.579365079365 0.804347826087 0.0647130647131 0.133655394525
1 0.519536019536 0.854267310789 0.0647130647131 0.123993558776
1 0.815018315018 0.604669887279 0.032967032967 0.0917874396135
1 0.815018315018 0.524959742351 0.030525030525 0.0837359098229
1 0.388278388278 0.578099838969 0.034188034188 0.0805152979066
1 0.869963369963 0.424315619968 0.015873015873 0.0499194847021
