1 0.969696969697 0.137519872814 0.0557575757576 0.093799682035
1 0.227878787879 0.635930047695 0.181818181818 0.213036565978
1 0.845454545455 0.955484896661 0.153939393939 0.0826709062003
1 0.867272727273 0.635135135135 0.141818181818 0.147853736089
1 0.566060606061 0.549284578696 0.123636363636 0.116057233704
1 0.685454545455 0.507154213037 0.132121212121 0.130365659777
1 0.895757575758 0.494435612083 0.101818181818 0.117647058824
1 0.964848484848 0.474562798092 0.0654545454545 0.109697933227
1 0.926060606061 0.348171701113 0.0606060606061 0.127186009539
1 0.969090909091 0.596979332273 0.0545454545455 0.0969793322734
1 0.690303030303 0.200317965024 0.0957575757576 0.101748807631
1 0.875151515152 0.170906200318 0.0509090909091 0.0906200317965
