1 0.108721624851 0.952755905512 0.0812425328554 0.0944881889764
1 0.228793309438 0.87874015748 0.135005973716 0.236220472441
1 0.317204301075 0.728346456693 0.10633213859 0.316535433071
1 0.138590203106 0.697637795276 0.112305854241 0.296062992126
1 0.0454002389486 0.647244094488 0.0812425328554 0.349606299213
1 0.100955794504 0.374803149606 0.0943847072879 0.283464566929
1 0.207287933094 0.408661417323 0.115890083632 0.27874015748
1 0.332138590203 0.355118110236 0.0931899641577 0.272440944882
1 0.430107526882 0.586614173228 0.114695340502 0.307086614173
1 0.05256869773 0.163779527559 0.100358422939 0.305511811024
1 0.169653524492 0.0661417322835 0.0884109916368 0.129133858268
1 0.433691756272 0.255118110236 0.0908004778973 0.311811023622
1 0.529868578256 0.414960629921 0.125448028674 0.275590551181
1 0.648148148148 0.470078740157 0.120669056153 0.31968503937
1 0.531063321386 0.747244094488 0.108721624851 0.300787401575
1 0.461768219833 0.90157480315 0.132616487455 0.190551181102
1 0.508960573477 0.140157480315 0.0812425328554 0.267716535433
1 0.4229390681 0.0496062992126 0.078853046595 0.0929133858268
1 0.615890083632 0.230708661417 0.108721624851 0.297637795276
1 0.803464755078 0.637795275591 0.135005973716 0.305511811024
1 0.694145758662 0.782677165354 0.148148148148 0.296062992126
1 0.808841099164 0.90157480315 0.148148148148 0.187401574803
1 0.856033452808 0.393700787402 0.120669056153 0.229921259843
1 0.783154121864 0.269291338583 0.125448028674 0.264566929134
1 0.68339307049 0.136220472441 0.117084826762 0.266141732283
1 0.849462365591 0.107874015748 0.10752688172 0.212598425197
1 0.764635603345 0.0661417322835 0.0740740740741 0.129133858268
1 0.937873357228 0.159842519685 0.119474313023 0.310236220472
1 0.956989247312 0.69842519685 0.0860215053763 0.593700787402
