1 0.169108669109 0.481481481481 0.0720390720391 0.0933977455717
1 0.213675213675 0.955716586151 0.0830280830281 0.0821256038647
1 0.212454212454 0.907407407407 0.0952380952381 0.149758454106
1 0.336996336996 0.919484702093 0.10989010989 0.135265700483
1 0.678266178266 0.954911433172 0.0866910866911 0.0805152979066
1 0.247863247863 0.851851851852 0.0879120879121 0.138486312399
1 0.0824175824176 0.817230273752 0.106227106227 0.149758454106
1 0.168498168498 0.770531400966 0.0903540903541 0.156199677939
1 0.0598290598291 0.733494363929 0.0830280830281 0.127214170692
1 0.199023199023 0.721417069243 0.0830280830281 0.148148148148
1 0.119658119658 0.691626409018 0.0659340659341 0.140096618357
1 0.0897435897436 0.639291465378 0.0671550671551 0.10305958132
1 0.0457875457875 0.664251207729 0.0793650793651 0.117552334944
1 0.026862026862 0.578099838969 0.04884004884 0.0740740740741
1 0.152014652015 0.635265700483 0.0647130647131 0.101449275362
1 0.163614163614 0.586956521739 0.0708180708181 0.0756843800322
1 0.225274725275 0.673913043478 0.0769230769231 0.12077294686
1 0.253968253968 0.627214170692 0.0708180708181 0.111111111111
1 0.305860805861 0.702898550725 0.0891330891331 0.123993558776
1 0.271062271062 0.578099838969 0.0659340659341 0.0966183574879
1 0.311355311355 0.627214170692 0.0708180708181 0.107890499195
1 0.367521367521 0.660225442834 0.046398046398 0.115942028986
1 0.434065934066 0.693236714976 0.0989010989011 0.101449275362
1 0.531746031746 0.754428341385 0.108669108669 0.133655394525
1 0.652014652015 0.779388083736 0.1221001221 0.173913043478
1 0.747252747253 0.80193236715 0.0903540903541 0.135265700483
1 0.860195360195 0.759259259259 0.113553113553 0.117552334944
1 0.386446886447 0.541867954911 0.0549450549451 0.101449275362
1 0.415750915751 0.483896940419 0.045177045177 0.0756843800322
1 0.45115995116 0.495974235105 0.047619047619 0.0579710144928
1 0.506715506716 0.670692431562 0.0879120879121 0.0917874396135
1 0.578754578755 0.698872785829 0.0634920634921 0.10305958132
1 0.485347985348 0.628019323671 0.0744810744811 0.0901771336554
1 0.418803418803 0.595813204509 0.0708180708181 0.10305958132
1 0.68315018315 0.688405797101 0.103785103785 0.140096618357
1 0.602564102564 0.605475040258 0.0866910866911 0.122383252818
1 0.874847374847 0.669887278583 0.0622710622711 0.115942028986
1 0.795482295482 0.717391304348 0.106227106227 0.117552334944
1 0.830280830281 0.702898550725 0.0903540903541 0.136876006441
1 0.685592185592 0.680354267311 0.106227106227 0.123993558776
1 0.733821733822 0.651368760064 0.0879120879121 0.101449275362
1 0.777167277167 0.610305958132 0.118437118437 0.10305958132
1 0.813186813187 0.527375201288 0.0634920634921 0.0660225442834
1 0.711843711844 0.510466988728 0.0659340659341 0.0708534621578
1 0.615995115995 0.523349436393 0.0549450549451 0.0644122383253
1 0.54884004884 0.486312399356 0.0622710622711 0.0579710144928
1 0.507326007326 0.527375201288 0.0842490842491 0.0724637681159
1 0.460927960928 0.552334943639 0.0525030525031 0.0579710144928
1 0.654456654457 0.500805152979 0.0586080586081 0.0676328502415
1 0.677045177045 0.588566827697 0.0671550671551 0.0756843800322
1 0.899267399267 0.576489533011 0.028083028083 0.0837359098229
1 0.277167277167 0.366344605475 0.0586080586081 0.0660225442834
