1 0.144592952612 0.1038647343 0.0777642770352 0.201288244767
1 0.0443499392467 0.185185185185 0.0814094775213 0.247987117552
1 0.134264884569 0.3961352657 0.0886998784933 0.309178743961
1 0.210814094775 0.524154589372 0.0886998784933 0.297906602254
1 0.222964763062 0.76731078905 0.110571081409 0.294685990338
1 0.108748481166 0.72383252818 0.086269744836 0.272141706924
1 0.0400972053463 0.615136876006 0.0777642770352 0.299516908213
1 0.439246658566 0.342190016103 0.0814094775213 0.230273752013
1 0.509113001215 0.446054750403 0.0996354799514 0.283413848631
1 0.444714459295 0.598228663446 0.0850546780073 0.320450885668
1 0.505467800729 0.453301127214 0.089914945322 0.278582930757
1 0.349331713244 0.788244766506 0.0984204131227 0.278582930757
1 0.460510328068 0.881642512077 0.111786148238 0.233494363929
1 0.337181044957 0.980676328502 0.0911300121507 0.0418679549114
1 0.549817739976 0.729468599034 0.120291616039 0.325281803543
1 0.61482381531 0.559581320451 0.097205346294 0.285024154589
1 0.690157958688 0.793880837359 0.097205346294 0.325281803543
1 0.671931956258 0.447665056361 0.097205346294 0.225442834138
1 0.746658566221 0.310789049919 0.0959902794654 0.231884057971
1 0.718712029162 0.119162640902 0.0716889428919 0.228663446055
1 0.794653705954 0.0958132045089 0.0680437424058 0.178743961353
1 0.804374240583 0.21578099839 0.0826245443499 0.19001610306
1 0.84447144593 0.414653784219 0.0947752126367 0.256038647343
1 0.781287970838 0.566022544283 0.114216281896 0.265700483092
1 0.884568651276 0.710144927536 0.123936816525 0.247987117552
1 0.854799513973 0.893719806763 0.127582017011 0.199677938808
1 0.15127582017 0.950080515298 0.103280680437 0.0901771336554
1 0.0498177399757 0.921095008052 0.0923450789793 0.154589371981
