1 0.586479902558 0.531897926635 0.0401948842875 0.106858054226
1 0.564555420219 0.429824561404 0.0280146163216 0.0813397129187
1 0.580389768575 0.40350877193 0.0231425091352 0.0797448165869
1 0.543848964677 0.377990430622 0.0328867235079 0.07336523126
1 0.577344701583 0.280701754386 0.0194884287454 0.0542264752791
1 0.68574908648 0.295055821372 0.0194884287454 0.0606060606061
1 0.7143727162 0.322169059011 0.0353227771011 0.07336523126
1 0.939707673569 0.350877192982 0.020706455542 0.0637958532695
1 0.961023142509 0.377192982456 0.026796589525 0.0590111642743
1 0.785018270402 0.406698564593 0.0328867235079 0.07336523126
