1 0.598181818182 0.574879227053 0.122424242424 0.238325281804
1 0.0927272727273 0.928341384863 0.0909090909091 0.136876006441
1 0.164242424242 0.835748792271 0.0666666666667 0.115942028986
1 0.206666666667 0.791465378422 0.0763636363636 0.12077294686
1 0.282424242424 0.826892109501 0.0654545454545 0.152979066023
1 0.245454545455 0.92270531401 0.0666666666667 0.138486312399
1 0.0763636363636 0.544283413849 0.0339393939394 0.0869565217391
1 0.447272727273 0.594202898551 0.0460606060606 0.0966183574879
1 0.447878787879 0.512882447665 0.030303030303 0.0756843800322
1 0.668484848485 0.568438003221 0.0569696969697 0.0901771336554
1 0.946666666667 0.787439613527 0.070303030303 0.164251207729
1 0.672727272727 0.510466988728 0.0266666666667 0.0869565217391
1 0.19696969697 0.618357487923 0.04 0.0805152979066
