1 0.107795371498 0.2448 0.0304506699147 0.0448
1 0.429354445798 0.844 0.0840438489647 0.2064
1 0.325822168088 0.6928 0.0450669914738 0.1376
1 0.758221680877 0.6456 0.0767356881851 0.1488
1 0.230816077954 0.4936 0.0377588306943 0.088
1 0.431790499391 0.352 0.0328867235079 0.0576
1 0.344701583435 0.3304 0.0243605359318 0.0592
1 0.512180267966 0.3528 0.020706455542 0.072
1 0.565773447016 0.3568 0.0328867235079 0.0672
1 0.697320341048 0.3672 0.0377588306943 0.0656
1 0.283800243605 0.2992 0.0194884287454 0.0512
1 0.309378806334 0.316 0.0243605359318 0.0528
1 0.389768574909 0.3408 0.0389768574909 0.064
