1 0.843636363636 0.979806138934 0.191515151515 0.0403877221325
1 0.264848484848 0.926494345719 0.0690909090909 0.143780290792
1 0.212121212121 0.854604200323 0.0606060606061 0.138933764136
1 0.55696969697 0.947495961228 0.0787878787879 0.092084006462
1 0.321818181818 0.963651050081 0.0666666666667 0.0630048465267
1 0.38 0.798061389338 0.0472727272727 0.0840064620355
1 0.430303030303 0.842487883683 0.0654545454545 0.111470113086
1 0.51696969697 0.855411954766 0.0715151515152 0.150242326333
1 0.58303030303 0.841680129241 0.0654545454545 0.1647819063
1 0.646060606061 0.879644588045 0.08 0.153473344103
1 0.380606060606 0.498384491115 0.0218181818182 0.0726978998384
1 0.203636363636 0.536348949919 0.0290909090909 0.0807754442649
1 0.278787878788 0.46042003231 0.0218181818182 0.0581583198708
1 0.371515151515 0.575928917609 0.030303030303 0.0823909531502
1 0.339393939394 0.627625201939 0.0436363636364 0.0662358642973
1 0.372727272727 0.66155088853 0.0424242424242 0.092084006462
1 0.409696969697 0.652665589661 0.0387878787879 0.103392568659
1 0.450909090909 0.753634894992 0.0460606060606 0.105008077544
1 0.929090909091 0.940226171244 0.112727272727 0.10662358643
1 0.882424242424 0.876413570275 0.0872727272727 0.108239095315
1 0.787272727273 0.907915993538 0.117575757576 0.113085621971
1 0.530909090909 0.60662358643 0.0460606060606 0.0823909531502
1 0.520606060606 0.697092084006 0.0424242424242 0.108239095315
1 0.472727272727 0.655088852989 0.0533333333333 0.0953150242326
1 0.419393939394 0.613085621971 0.0484848484848 0.092084006462
1 0.64303030303 0.693861066236 0.0545454545455 0.0791599353796
1 0.690303030303 0.794830371567 0.0981818181818 0.113085621971
1 0.705454545455 0.863489499192 0.0678787878788 0.130856219709
1 0.917575757576 0.79886914378 0.106666666667 0.147011308562
1 0.924848484848 0.871567043619 0.109090909091 0.153473344103
1 0.239393939394 0.550080775444 0.0206060606061 0.0597738287561
1 0.77696969697 0.846526655897 0.0727272727273 0.116316639742
1 0.568484848485 0.739095315024 0.0509090909091 0.0985460420032
1 0.309090909091 0.443457189015 0.0169696969697 0.0468497576737
