1 0.306060606061 0.90113452188 0.0787878787879 0.188006482982
1 0.241212121212 0.793354943274 0.0533333333333 0.157212317666
1 0.284848484848 0.751215559157 0.0557575757576 0.173419773096
1 0.339393939394 0.673419773096 0.0654545454545 0.15397082658
1 0.130909090909 0.84602917342 0.0824242424242 0.12641815235
1 0.45696969697 0.518638573744 0.0363636363636 0.097244732577
1 0.349696969697 0.453808752026 0.0351515151515 0.0745542949757
1 0.401212121212 0.401944894652 0.0315151515152 0.0583468395462
1 0.53696969697 0.375202593193 0.0218181818182 0.0599675850891
1 0.552727272727 0.353322528363 0.0193939393939 0.0583468395462
1 0.785454545455 0.476499189627 0.0387878787879 0.0713128038898
1 0.767878787879 0.423824959481 0.030303030303 0.0534846029173
1 0.0775757575758 0.490275526742 0.0436363636364 0.0858995137763
1 0.0884848484848 0.940842787682 0.08 0.115072933549
