48
701 444 771 519
780 360 814 437
756 348 797 396
729 378 769 433
714 360 749 399
722 325 747 368
666 343 709 389
614 393 648 442
648 366 666 387
6 528 88 579
16 560 99 598
5 465 58 526
47 464 127 553
531 277 590 326
550 303 585 340
2 444 119 524
36 405 108 447
106 526 184 597
177 456 243 506
185 480 270 520
121 397 183 463
257 415 327 487
206 399 274 450
192 425 251 482
176 367 240 426
192 345 242 401
194 297 233 356
219 322 249 363
232 303 264 349
252 332 294 381
283 325 327 384
262 372 304 424
284 386 326 429
279 290 327 323
305 304 335 350
336 332 380 380
329 272 372 321
359 301 382 351
403 315 430 343
369 280 399 318
418 288 452 321
384 371 435 413
325 360 385 410
340 392 394 432
496 336 534 361
596 304 625 334
740 232 769 267
783 240 817 267
