44
471 567 524 619
474 456 525 556
487 525 556 616
230 505 288 616
226 435 277 522
46 463 91 563
3 530 54 618
4 431 64 533
82 390 136 484
539 346 578 448
493 380 538 496
439 389 481 491
397 407 435 495
310 340 356 406
354 372 394 440
371 323 402 401
238 368 276 438
152 347 193 419
117 325 153 408
144 284 172 359
107 248 150 296
183 316 215 392
176 285 203 353
272 320 313 402
260 293 297 356
430 319 458 385
407 342 442 437
329 285 355 350
287 258 321 324
394 182 421 253
347 147 369 197
312 104 332 149
247 124 270 167
363 108 381 146
148 154 173 187
118 146 142 197
233 189 253 245
266 194 290 242
336 205 356 257
322 224 347 285
359 225 387 283
261 288 290 356
163 237 186 284
417 458 477 605
