34
440 266 493 325
73 485 162 585
28 463 73 533
364 457 438 552
474 513 564 616
564 525 657 615
483 571 564 617
431 428 506 511
280 430 331 485
207 298 241 344
149 267 180 312
43 236 70 274
47 294 79 328
530 326 574 375
509 354 568 422
311 330 369 382
328 356 360 408
252 316 298 379
234 340 283 412
287 374 317 410
405 386 451 450
463 401 528 483
622 305 676 360
662 278 711 324
541 395 615 458
641 394 722 462
567 357 624 411
732 425 811 500
697 364 763 419
755 290 808 328
712 302 756 343
668 322 723 356
647 339 701 397
500 481 575 542
