39
162 541 236 625
69 370 138 473
204 252 258 331
142 308 196 394
283 305 331 404
258 379 300 465
232 438 297 583
307 427 381 527
365 466 426 554
312 532 373 626
546 418 588 528
538 508 602 621
397 375 463 471
430 328 469 402
460 344 509 430
449 284 489 355
734 456 789 606
713 406 757 497
674 376 705 442
630 342 675 407
595 322 633 394
581 290 617 362
558 357 602 458
513 347 560 427
709 188 732 251
668 150 690 195
680 103 698 145
629 107 649 144
480 234 509 290
677 272 707 344
645 280 675 361
642 223 666 288
656 202 675 254
677 222 704 281
566 121 590 172
552 192 574 247
464 152 489 189
434 152 458 195
692 327 715 406
