48
238 274 254 302
204 253 216 277
269 284 288 314
305 302 321 336
163 275 178 304
286 308 305 337
313 343 335 388
328 332 341 363
330 357 349 397
351 326 367 343
352 345 376 372
382 356 402 397
357 366 384 400
296 382 323 411
348 386 373 435
314 404 343 452
193 530 234 609
239 566 283 622
137 474 173 528
540 579 575 624
447 586 491 625
424 513 471 593
347 514 401 576
321 489 349 533
365 480 403 552
374 448 410 520
476 493 527 603
541 530 585 601
728 561 764 619
673 525 732 598
640 532 696 610
622 488 672 559
666 483 712 526
752 532 817 606
739 518 798 565
748 495 803 544
420 467 470 548
520 461 552 518
550 493 586 546
436 418 467 497
405 394 434 461
383 407 415 457
426 350 450 386
467 394 490 422
496 420 525 469
474 425 519 465
470 450 502 498
544 434 588 493
