34
617 594 775 619
190 529 247 618
150 486 200 572
427 558 492 615
238 577 293 616
294 468 333 520
328 487 382 556
397 483 456 576
454 470 508 572
500 497 566 592
305 286 323 331
156 307 180 357
221 267 239 303
294 331 319 382
262 368 298 409
290 381 325 438
322 372 354 436
353 434 391 499
720 549 813 615
692 509 764 576
601 527 698 597
419 350 457 401
412 398 447 465
368 376 412 435
326 351 366 408
508 405 553 454
529 457 610 527
554 494 610 575
713 449 801 540
718 492 808 587
189 322 206 359
611 488 671 560
448 427 490 488
248 260 262 289
