44
222 434 282 575
214 548 267 622
5 460 43 617
50 392 95 498
3 366 53 471
82 309 139 424
410 392 463 539
476 455 540 589
462 390 514 501
221 352 267 450
308 277 350 353
266 246 308 347
259 219 285 295
292 171 324 250
350 306 386 383
386 345 434 431
490 322 535 429
432 329 480 435
488 255 521 330
353 213 390 285
352 160 372 235
377 90 403 151
329 97 356 155
488 72 518 131
365 261 401 346
222 301 273 381
144 282 188 366
243 144 276 211
236 104 265 155
297 55 319 107
264 50 289 93
179 78 208 138
385 43 405 91
424 251 463 326
134 218 175 297
221 237 257 305
236 180 270 260
174 223 207 290
269 104 297 162
337 42 365 82
191 158 229 216
316 222 360 300
529 545 602 619
226 23 252 65
