52
109 270 168 328
141 568 209 619
135 517 213 610
231 529 321 613
520 568 591 618
167 486 239 572
24 461 111 554
101 430 175 527
15 416 83 495
129 402 197 494
71 386 125 473
46 365 101 429
5 376 70 449
2 336 42 382
98 363 151 426
105 341 163 388
153 381 216 456
179 355 237 424
214 398 287 475
195 329 249 389
226 356 284 423
282 374 320 446
315 399 396 462
391 427 480 510
484 430 584 538
575 456 649 540
658 435 751 508
294 305 339 368
322 277 359 324
350 290 389 326
379 388 451 445
448 402 500 466
367 362 428 418
314 338 372 402
517 384 602 471
458 338 529 414
691 380 742 452
608 409 695 482
643 394 717 479
518 384 605 461
565 373 637 436
588 347 685 411
640 307 692 348
556 295 610 339
482 305 527 345
424 284 475 320
381 305 450 350
356 325 399 361
512 290 560 332
527 342 582 389
725 332 748 384
203 207 251 248
