46
653 98 670 159
696 91 718 150
615 59 638 107
655 45 674 83
168 475 238 618
221 379 280 517
703 44 723 86
584 51 605 95
547 27 570 68
228 533 309 626
299 466 368 616
263 430 327 555
300 367 385 465
540 440 602 571
537 352 590 466
528 552 585 632
723 396 777 542
704 350 751 444
756 331 798 429
627 279 665 347
668 305 704 378
591 246 632 341
576 220 609 299
605 175 642 252
562 148 594 196
560 104 584 160
583 104 612 160
451 220 492 290
426 267 465 322
368 401 405 487
768 500 822 628
782 392 823 500
669 213 710 289
669 162 697 239
742 253 783 328
699 224 741 319
461 282 502 362
470 172 510 224
691 10 714 53
428 185 461 244
542 241 573 311
583 594 642 629
729 592 791 629
175 222 223 284
270 235 332 328
245 318 300 408
