44
39 541 136 623
221 524 339 623
291 473 386 573
121 423 206 530
200 466 300 572
148 380 231 465
582 507 704 620
734 548 828 623
176 352 251 442
8 396 69 447
75 369 143 453
540 382 634 484
449 373 538 456
356 349 449 410
264 349 342 426
73 232 108 288
714 378 811 447
647 355 731 425
621 400 682 481
15 368 72 429
336 242 374 303
351 261 421 321
214 273 257 324
438 314 516 368
445 332 513 386
403 225 457 269
473 234 522 282
703 249 754 297
307 285 354 330
126 342 176 391
109 301 152 350
58 276 102 345
55 312 108 367
10 325 60 368
343 298 422 377
572 328 662 395
508 305 587 374
499 349 572 419
652 292 750 356
698 333 795 419
617 238 697 285
521 247 591 290
481 264 568 321
125 170 178 214
