33
59 576 203 621
256 436 391 574
393 490 500 557
412 425 522 529
5 407 169 590
9 350 134 444
155 342 263 446
220 380 325 482
356 362 440 454
253 315 332 383
300 282 360 337
119 308 205 385
23 277 110 344
81 280 183 349
189 284 261 343
162 252 244 309
377 261 447 330
572 306 653 384
534 242 576 286
473 237 530 284
430 257 488 298
310 243 366 290
110 251 183 287
289 223 337 263
377 208 416 247
347 229 382 265
241 251 301 315
197 236 238 255
242 218 288 244
288 203 332 232
324 213 362 238
418 206 450 231
360 193 398 225
