0 0.17696969697 0.837398373984 0.33696969697 0.325203252033
0 0.176363636364 0.466666666667 0.345454545455 0.279674796748
0 0.368484848485 0.29756097561 0.317575757576 0.208130081301
0 0.767272727273 0.765853658537 0.329696969697 0.29593495935
0 0.710909090909 0.472357723577 0.275151515152 0.252032520325
0 0.727878787879 0.328455284553 0.21696969697 0.0975609756098
0 0.678181818182 0.220325203252 0.192727272727 0.128455284553
0 0.820606060606 0.210569105691 0.138181818182 0.121951219512
0 0.922424242424 0.337398373984 0.145454545455 0.121951219512
0 0.115757575758 0.113008130081 0.224242424242 0.19674796748
0 0.964848484848 0.229268292683 0.0678787878788 0.0813008130081
0 0.62303030303 0.583739837398 0.380606060606 0.325203252033
0 0.0224242424242 0.251219512195 0.0351515151515 0.229268292683
