0 0.177844311377 0.9448 0.255089820359 0.1072
0 0.0461077844311 0.8312 0.0826347305389 0.2256
0 0.0688622754491 0.6936 0.125748502994 0.168
0 0.0754491017964 0.5952 0.141317365269 0.112
0 0.270658682635 0.7168 0.215568862275 0.2144
0 0.567065868263 0.8624 0.223952095808 0.2624
0 0.761676646707 0.7624 0.146107784431 0.1904
0 0.519760479042 0.6608 0.165269461078 0.2112
0 0.416167664671 0.5904 0.161676646707 0.1792
0 0.301796407186 0.5592 0.17245508982 0.1552
0 0.304191616766 0.4928 0.138922155689 0.1184
0 0.647305389222 0.5032 0.123353293413 0.1488
0 0.537724550898 0.4952 0.110179640719 0.1232
0 0.492215568862 0.404 0.0958083832335 0.0944
0 0.859281437126 0.548 0.0922155688623 0.1392
0 0.960479041916 0.5632 0.0790419161677 0.1632
0 0.909580838323 0.4392 0.0610778443114 0.0912
0 0.597005988024 0.3544 0.0802395209581 0.072
0 0.738922155689 0.3504 0.0479041916168 0.0672
0 0.682634730539 0.3288 0.0622754491018 0.0624
0 0.728143712575 0.2944 0.0359281437126 0.0448
0 0.982035928144 0.4144 0.0311377245509 0.064
0 0.938323353293 0.3944 0.0467065868263 0.0688
0 0.949700598802 0.36 0.0431137724551 0.0544
0 0.764071856287 0.3048 0.0455089820359 0.0688
0 0.867065868263 0.288 0.0431137724551 0.0384
0 0.792814371257 0.268 0.0383233532934 0.0368
0 0.837125748503 0.2664 0.0407185628743 0.0496
