0 0.158787878788 0.963768115942 0.174545454545 0.0724637681159
0 0.392121212121 0.813204508857 0.163636363636 0.222222222222
0 0.541212121212 0.842995169082 0.129696969697 0.107890499195
0 0.566060606061 0.768115942029 0.133333333333 0.167471819646
0 0.105454545455 0.802737520129 0.198787878788 0.294685990338
0 0.0866666666667 0.639291465378 0.151515151515 0.151368760064
0 0.253333333333 0.634460547504 0.130909090909 0.167471819646
0 0.330303030303 0.694041867955 0.127272727273 0.164251207729
0 0.482424242424 0.657004830918 0.101818181818 0.148148148148
0 0.354545454545 0.561996779388 0.0957575757576 0.109500805153
0 0.4 0.498389694042 0.0727272727273 0.0885668276973
0 0.196363636364 0.557971014493 0.104242424242 0.123993558776
0 0.0806060606061 0.5 0.105454545455 0.107890499195
0 0.16 0.506441223833 0.123636363636 0.111111111111
0 0.272727272727 0.504830917874 0.0872727272727 0.0950080515298
0 0.246060606061 0.451690821256 0.0993939393939 0.0917874396135
0 0.499393939394 0.475845410628 0.0848484848485 0.111111111111
0 0.742424242424 0.555555555556 0.0981818181818 0.125603864734
0 0.672727272727 0.425120772947 0.0509090909091 0.0708534621578
0 0.607878787879 0.419484702093 0.0690909090909 0.0756843800322
0 0.556363636364 0.446859903382 0.070303030303 0.0660225442834
0 0.409696969697 0.429146537842 0.0678787878788 0.0756843800322
0 0.177575757576 0.433172302738 0.0884848484848 0.0579710144928
0 0.379393939394 0.391304347826 0.0581818181818 0.0644122383253
0 0.480606060606 0.366344605475 0.0472727272727 0.0628019323671
0 0.441818181818 0.397745571659 0.0424242424242 0.0579710144928
0 0.328484848485 0.455716586151 0.0727272727273 0.10305958132
0 0.263636363636 0.395330112721 0.049696969697 0.0305958132045
0 0.321212121212 0.371980676329 0.0557575757576 0.0418679549114
0 0.375757575758 0.350241545894 0.0533333333333 0.0466988727858
0 0.415757575758 0.363123993559 0.0460606060606 0.0402576489533
0 0.526060606061 0.351851851852 0.0387878787879 0.0402576489533
0 0.459393939394 0.33655394525 0.0460606060606 0.0515297906602
