0 0.208484848485 0.461227786753 0.0533333333333 0.0694668820679
0 0.536363636364 0.542003231018 0.129696969697 0.114701130856
0 0.701818181818 0.675282714055 0.225454545455 0.193861066236
0 0.677575757576 0.616316639742 0.16 0.140549273021
0 0.274545454545 0.831987075929 0.153939393939 0.184168012924
0 0.419393939394 0.913570274637 0.213333333333 0.166397415186
0 0.365454545455 0.732633279483 0.0933333333333 0.159935379645
0 0.326666666667 0.581583198708 0.0933333333333 0.103392568659
0 0.171515151515 0.569466882068 0.0521212121212 0.0565428109855
0 0.843636363636 0.979806138934 0.191515151515 0.0403877221325
