0 0.566060606061 0.9064 0.259393939394 0.1808
0 0.191515151515 0.8128 0.361212121212 0.3616
0 0.129696969697 0.4432 0.252121212121 0.2304
0 0.0957575757576 0.2816 0.191515151515 0.1472
0 0.0933333333333 0.1976 0.172121212121 0.1552
0 0.532121212121 0.7336 0.349090909091 0.2448
0 0.314545454545 0.3272 0.192727272727 0.152
0 0.306060606061 0.232 0.207272727273 0.1504
0 0.122424242424 0.116 0.198787878788 0.1744
0 0.413939393939 0.184 0.166060606061 0.1248
0 0.60303030303 0.2216 0.161212121212 0.0944
0 0.638787878788 0.2816 0.152727272727 0.0896
0 0.677575757576 0.3888 0.17696969697 0.144
0 0.769090909091 0.5352 0.178181818182 0.1744
0 0.821212121212 0.3856 0.12 0.1184
0 0.746060606061 0.2512 0.112727272727 0.1088
0 0.919393939394 0.38 0.115151515152 0.1072
0 0.88303030303 0.316 0.115151515152 0.072
0 0.96 0.4536 0.0751515151515 0.1104
0 0.961212121212 0.3088 0.0727272727273 0.0736
0 0.446666666667 0.376 0.294545454545 0.192
