0 0.0792019347037 0.90499194847 0.153567110036 0.186795491143
0 0.287787182588 0.563607085346 0.135429262394 0.183574879227
0 0.104594921403 0.588566827697 0.165659008464 0.181964573269
0 0.215840386941 0.485507246377 0.105199516324 0.133655394525
0 0.437122128174 0.413043478261 0.0906892382104 0.0982286634461
0 0.0755743651753 0.49114331723 0.131801692866 0.148148148148
0 0.0755743651753 0.40499194847 0.12938331318 0.0982286634461
0 0.162031438936 0.350241545894 0.0943168077388 0.0885668276973
0 0.145102781137 0.320450885668 0.0894800483676 0.0740740740741
0 0.210399032648 0.40499194847 0.09915356711 0.104669887279
0 0.284159613059 0.352657004831 0.0749697702539 0.0740740740741
0 0.0308343409915 0.723027375201 0.0568319226119 0.122383252818
0 0.405683192261 0.294685990338 0.0519951632406 0.061191626409
0 0.37061668682 0.235104669887 0.0350665054414 0.0450885668277
0 0.576178960097 0.265700483092 0.0350665054414 0.0450885668277
0 0.477629987908 0.205314009662 0.0290205562273 0.0402576489533
0 0.400241837969 0.211755233494 0.0362756952842 0.037037037037
