0 0.104142011834 0.855628058728 0.203550295858 0.292006525285
0 0.107692307692 0.696574225122 0.208284023669 0.176182707993
0 0.131360946746 0.60766721044 0.21775147929 0.135399673736
0 0.310059171598 0.891517128874 0.286390532544 0.197389885808
0 0.544970414201 0.924959216966 0.237869822485 0.143556280587
0 0.350295857988 0.716150081566 0.208284023669 0.215334420881
0 0.365088757396 0.571778140294 0.166863905325 0.161500815661
0 0.356213017751 0.50163132137 0.149112426036 0.112561174551
0 0.500591715976 0.574225122349 0.14674556213 0.15986949429
0 0.501775147929 0.725938009788 0.239053254438 0.290375203915
0 0.797041420118 0.760195758564 0.166863905325 0.238172920065
0 0.92899408284 0.795269168026 0.120710059172 0.115823817292
0 0.944970414201 0.699836867863 0.0840236686391 0.143556280587
0 0.668047337278 0.570146818923 0.126627218935 0.168026101142
0 0.500591715976 0.431484502447 0.108875739645 0.10277324633
0 0.582840236686 0.436378466558 0.114792899408 0.112561174551
0 0.605325443787 0.375203915171 0.091124260355 0.0750407830343
0 0.692307692308 0.441272430669 0.0591715976331 0.0995106035889
0 0.689940828402 0.345024469821 0.0639053254438 0.0636215334421
0 0.783431952663 0.479608482871 0.087573964497 0.101141924959
0 0.747337278107 0.382544861338 0.0698224852071 0.10603588907
0 0.836094674556 0.402120717781 0.0627218934911 0.089722675367
0 0.884023668639 0.342577487765 0.0497041420118 0.0880913539967
0 0.778698224852 0.336867862969 0.0639053254438 0.0668841761827
0 0.740236686391 0.305872756933 0.0508875739645 0.0440456769984
0 0.824852071006 0.306688417618 0.0520710059172 0.0619902120718
0 0.801183431953 0.279771615008 0.0568047337278 0.0440456769984
0 0.618934911243 0.491843393148 0.0994082840237 0.122349102773
