0 0.290598290598 0.839774557166 0.227106227106 0.320450885668
0 0.184371184371 0.647342995169 0.148962148962 0.222222222222
0 0.113553113553 0.526570048309 0.102564102564 0.154589371981
0 0.0665445665446 0.407407407407 0.0866910866911 0.119162640902
0 0.155067155067 0.361513687601 0.0732600732601 0.0950080515298
0 0.567765567766 0.680354267311 0.253968253968 0.285024154589
0 0.384615384615 0.512882447665 0.166056166056 0.181964573269
0 0.473137973138 0.484702093398 0.147741147741 0.141706924316
0 0.866910866911 0.709339774557 0.25641025641 0.333333333333
0 0.685592185592 0.556360708535 0.142857142857 0.194847020934
0 0.520146520147 0.412238325282 0.126984126984 0.135265700483
0 0.0793650793651 0.305152979066 0.0634920634921 0.0692431561997
0 0.377289377289 0.285829307568 0.0708180708181 0.0724637681159
0 0.102564102564 0.243156199678 0.0512820512821 0.0644122383253
0 0.0653235653236 0.195652173913 0.040293040293 0.0756843800322
