0 0.316363636364 0.902576489533 0.145454545455 0.185185185185
0 0.492727272727 0.848631239936 0.151515151515 0.299516908213
0 0.728484848485 0.864734299517 0.208484848485 0.260869565217
0 0.88 0.829307568438 0.230303030303 0.312399355878
0 0.651515151515 0.686795491143 0.132121212121 0.22383252818
0 0.745454545455 0.665861513688 0.113939393939 0.185185185185
0 0.494545454545 0.64653784219 0.116363636364 0.201288244767
0 0.347272727273 0.596618357488 0.0884848484848 0.169082125604
0 0.245454545455 0.578099838969 0.0909090909091 0.161030595813
0 0.0812121212121 0.601449275362 0.123636363636 0.156199677939
0 0.0478787878788 0.820450885668 0.0836363636364 0.278582930757
0 0.0321212121212 0.558776167472 0.0618181818182 0.180354267311
0 0.664242424242 0.555555555556 0.104242424242 0.148148148148
0 0.430909090909 0.524959742351 0.0836363636364 0.144927536232
0 0.374545454545 0.458132045089 0.0630303030303 0.0982286634461
0 0.341212121212 0.418679549114 0.0424242424242 0.0805152979066
0 0.0987878787879 0.441223832528 0.0981818181818 0.0966183574879
0 0.147272727273 0.392914653784 0.0690909090909 0.0805152979066
0 0.187878787879 0.34460547504 0.0509090909091 0.0708534621578
0 0.266060606061 0.368760064412 0.0351515151515 0.0289855072464
0 0.278787878788 0.351046698873 0.0436363636364 0.0547504025765
0 0.367272727273 0.375201288245 0.0412121212121 0.0579710144928
0 0.608484848485 0.441223832528 0.0606060606061 0.0837359098229
0 0.654545454545 0.427536231884 0.0848484848485 0.111111111111
0 0.90303030303 0.582125603865 0.181818181818 0.175523349436
0 0.215151515152 0.314814814815 0.04 0.0595813204509
0 0.169696969697 0.806763285024 0.150303030303 0.299516908213
0 0.325454545455 0.759259259259 0.122424242424 0.227053140097
0 0.444848484848 0.42270531401 0.0678787878788 0.107890499195
