0 0.369325153374 0.773021001616 0.341104294479 0.292407108239
0 0.223312883436 0.583198707593 0.38527607362 0.319870759289
0 0.310429447853 0.441033925687 0.277300613497 0.193861066236
0 0.0674846625767 0.302100161551 0.125153374233 0.190630048465
0 0.28282208589 0.226171243942 0.2 0.129240710824
0 0.426380368098 0.217285945073 0.141104294479 0.114701130856
0 0.541104294479 0.340064620355 0.179141104294 0.13408723748
0 0.709202453988 0.387722132472 0.125153374233 0.10662358643
0 0.601840490798 0.234248788368 0.126380368098 0.0872374798061
0 0.622699386503 0.29563812601 0.116564417178 0.100161550889
0 0.803067484663 0.373990306947 0.104294478528 0.0985460420032
0 0.892024539877 0.42084006462 0.103067484663 0.111470113086
0 0.944785276074 0.323909531502 0.080981595092 0.0662358642973
0 0.968711656442 0.373182552504 0.0552147239264 0.0710823909532
0 0.333742331288 0.340064620355 0.218404907975 0.117932148627
