0 0.870280146163 0.811165845649 0.249695493301 0.31855500821
0 0.44275274056 0.731527093596 0.437271619976 0.297208538588
0 0.694884287454 0.587027914614 0.386114494519 0.27750410509
0 0.255176613886 0.50328407225 0.315468940317 0.247947454844
0 0.601705237515 0.385878489327 0.299634591961 0.203612479475
0 0.313032886724 0.269293924466 0.209500609013 0.154351395731
0 0.629110840438 0.311986863711 0.254567600487 0.131362889984
0 0.912911084044 0.45894909688 0.16443361754 0.188834154351
0 0.290499390987 0.386699507389 0.235079171742 0.133004926108
0 0.0943970767357 0.345648604269 0.181485992692 0.136288998358
0 0.095006090134 0.285714285714 0.182704019488 0.131362889984
0 0.138855054811 0.256157635468 0.165651644336 0.108374384236
0 0.0432399512789 0.444991789819 0.0816077953715 0.144499178982
0 0.0286236297199 0.549261083744 0.047503045067 0.133004926108
0 0.238124238733 0.942528735632 0.325213154689 0.111658456486
