0 0.866666666667 0.697389885808 0.259393939394 0.249592169657
0 0.872121212121 0.536704730832 0.248484848485 0.15660685155
0 0.881212121212 0.407830342577 0.225454545455 0.185970636215
0 0.568484848485 0.428221859706 0.252121212121 0.230016313214
0 0.587272727273 0.339314845024 0.204848484848 0.130505709625
0 0.487878787879 0.255301794454 0.173333333333 0.10603588907
0 0.379393939394 0.374388254486 0.150303030303 0.164763458401
0 0.124848484848 0.274061990212 0.174545454545 0.0880913539967
0 0.0218181818182 0.230016313214 0.0363636363636 0.0848287112561
0 0.145454545455 0.388254486134 0.196363636364 0.127243066884
0 0.141212121212 0.499184339315 0.26303030303 0.205546492659
0 0.119393939394 0.867862969005 0.231515151515 0.26427406199
0 0.404242424242 0.942903752039 0.304242424242 0.114192495922
