0 0.0513418903151 0.666936790924 0.095682613769 0.160453808752
0 0.214119019837 0.728525121556 0.218203033839 0.218800648298
0 0.0192532088681 0.910048622366 0.0338389731622 0.163695299838
0 0.349474912485 0.556726094003 0.12252042007 0.105348460292
0 0.455659276546 0.599675850891 0.108518086348 0.116693679092
0 0.521003500583 0.529983792545 0.0805134189032 0.097244732577
0 0.462660443407 0.461102106969 0.0851808634772 0.0826580226904
0 0.522170361727 0.463533225284 0.0758459743291 0.0810372771475
0 0.595099183197 0.473257698541 0.0676779463244 0.0842787682334
0 0.56301050175 0.411669367909 0.0665110851809 0.0518638573744
0 0.819719953326 0.53322528363 0.073512252042 0.097244732577
0 0.858809801634 0.479740680713 0.0513418903151 0.0745542949757
0 0.658693115519 0.358184764992 0.0455075845974 0.032414910859
0 0.654025670945 0.388168557536 0.0571761960327 0.0502431118314
0 0.659859976663 0.418962722853 0.0571761960327 0.0664505672609
0 0.732205367561 0.412479740681 0.0525087514586 0.0534846029173
0 0.759043173862 0.386547811994 0.0478413068845 0.0534846029173
0 0.678529754959 0.457050243112 0.0688448074679 0.0745542949757
0 0.731038506418 0.326580226904 0.0385064177363 0.0437601296596
0 0.952742123687 0.517017828201 0.0478413068845 0.119935170178
0 0.870478413069 0.422204213938 0.0513418903151 0.0534846029173
0 0.762543757293 0.330632090762 0.0268378063011 0.0356564019449
0 0.788798133022 0.303889789303 0.0303383897316 0.0372771474878
