1 0.161290322581 0.855285961872 0.0869565217391 0.230502599653
1 0.414446002805 0.785095320624 0.0799438990182 0.253032928943
1 0.759467040673 0.723570190641 0.0715287517532 0.195840554593
1 0.512622720898 0.665511265165 0.0715287517532 0.21143847487
1 0.0575035063114 0.464471403813 0.0617110799439 0.138648180243
1 0.377279102384 0.481802426343 0.0532959326788 0.138648180243
1 0.517531556802 0.441941074523 0.0504908835905 0.124783362218
1 0.441795231417 0.189774696707 0.0252454417952 0.0641247833622
1 0.67110799439 0.201906412478 0.0322580645161 0.0814558058925
1 0.67461430575 0.13431542461 0.0252454417952 0.0571923743501
1 0.626928471248 0.149046793761 0.0252454417952 0.0623916811092
1 0.586956521739 0.113518197574 0.0238429172511 0.053726169844
1 0.444600280505 0.0441941074523 0.0168302945302 0.0433275563258
1 0.414446002805 0.0493934142114 0.0182328190743 0.0467937608319
