1 0.104255319149 0.569646569647 0.0439716312057 0.133056133056
1 0.22695035461 0.378378378378 0.0312056737589 0.0997920997921
1 0.330496453901 0.410602910603 0.0283687943262 0.106029106029
1 0.948226950355 0.843035343035 0.0978723404255 0.218295218295
1 0.764539007092 0.742203742204 0.0822695035461 0.174636174636
1 0.549645390071 0.322245322245 0.0297872340426 0.0831600831601
1 0.319858156028 0.338877338877 0.0212765957447 0.0748440748441
1 0.310638297872 0.280665280665 0.022695035461 0.0665280665281
1 0.574468085106 0.256756756757 0.022695035461 0.0519750519751
1 0.553191489362 0.223492723493 0.0170212765957 0.043659043659
1 0.294326241135 0.225571725572 0.0184397163121 0.0561330561331
1 0.35390070922 0.170478170478 0.0184397163121 0.0540540540541
