1 0.799879081016 0.203645007924 0.0205562273277 0.0966719492868
1 0.854897218863 0.190966719493 0.0266021765417 0.0935023771791
1 0.757557436518 0.131537242472 0.0278113663845 0.0760697305864
1 0.803506650544 0.101426307448 0.0229746070133 0.0602218700475
1 0.245465538089 0.866085578447 0.0846432889964 0.226624405705
1 0.302902055623 0.709984152139 0.0713422007255 0.218700475436
1 0.86215235792 0.103011093502 0.0241837968561 0.0665610142631
1 0.718863361548 0.115689381933 0.0253929866989 0.0697305863708
1 0.675332527207 0.0752773375594 0.0278113663845 0.0649762282092
1 0.324667472793 0.918383518225 0.0979443772672 0.147385103011
1 0.403264812576 0.857369255151 0.0834340991536 0.237717908082
1 0.356711003628 0.780507131537 0.0773881499395 0.198098256735
1 0.414147521161 0.659270998415 0.102781136638 0.155309033281
1 0.690447400242 0.801109350238 0.0749697702539 0.207606973059
1 0.681378476421 0.648177496038 0.0640870616687 0.180665610143
1 0.672914147521 0.938193343899 0.0689238210399 0.126782884311
1 0.906892382104 0.743264659271 0.0652962515115 0.231378763867
1 0.879685610641 0.629160063391 0.0568319226119 0.148969889065
1 0.93954050786 0.602218700475 0.0507859733978 0.155309033281
1 0.781136638452 0.496038034865 0.0459492140266 0.107765451664
1 0.829504232164 0.541204437401 0.043530834341 0.115689381933
1 0.739419588875 0.465134706815 0.049576783555 0.150554675119
1 0.716444981862 0.411251980983 0.0399032648126 0.125198098257
1 0.753929866989 0.338351822504 0.0447400241838 0.122028526149
1 0.698911729141 0.272583201268 0.0386940749698 0.0760697305864
1 0.691656590085 0.209191759113 0.0290205562273 0.0887480190174
1 0.722490931076 0.209191759113 0.0350665054414 0.0887480190174
1 0.570133010883 0.40412044374 0.049576783555 0.110935023772
1 0.53869407497 0.466719492868 0.0471584038694 0.0871632329635
1 0.467351874244 0.703645007924 0.0447400241838 0.136291600634
1 0.96130592503 0.89381933439 0.0652962515115 0.202852614897
1 0.970374848851 0.706814580032 0.049576783555 0.171156893819
1 0.833736396614 0.397781299525 0.049576783555 0.120443740095
1 0.825876662636 0.317749603803 0.0338573155985 0.122028526149
1 0.922007255139 0.460380348653 0.049576783555 0.118858954041
1 0.87061668682 0.430269413629 0.0507859733978 0.150554675119
1 0.582224909311 0.51030110935 0.049576783555 0.126782884311
1 0.592503022975 0.313787638669 0.0483675937122 0.0824088748019
1 0.849455864571 0.0499207606973 0.0278113663845 0.068145800317
1 0.537484885127 0.339936608558 0.0399032648126 0.0935023771791
1 0.674123337364 0.437400950872 0.037484885127 0.110935023772
1 0.740628778718 0.969096671949 0.0713422007255 0.0554675118859
1 0.918984280532 0.967511885895 0.0749697702539 0.0586370839937
1 0.240628778718 0.400950871632 0.0580411124547 0.0982567353407
1 0.363966142684 0.446117274168 0.0749697702539 0.147385103011
1 0.329504232164 0.575277337559 0.0665054413543 0.142630744849
