1 0.061811505508 0.357945425361 0.0991432068543 0.121990369181
1 0.487760097919 0.33467094703 0.0746634026928 0.0786516853933
1 0.317625458996 0.763242375602 0.165238678091 0.15569823435
1 0.578335373317 0.761637239165 0.123623011016 0.171749598716
1 0.604039167687 0.92937399679 0.150550795594 0.128410914928
1 0.770501835985 0.926163723917 0.135862913097 0.138041733547
1 0.94247246022 0.706260032103 0.0979192166463 0.144462279294
1 0.737454100367 0.621187800963 0.0991432068543 0.131621187801
1 0.608323133415 0.352327447833 0.0611995104039 0.0947030497592
1 0.785801713586 0.359550561798 0.0489596083231 0.0770465489567
1 0.855569155447 0.327447833066 0.0587515299878 0.0642054574639
1 0.842105263158 0.279293739968 0.046511627907 0.0706260032103
1 0.875152998776 0.253611556982 0.0220318237454 0.0513643659711
