1 0.287425149701 0.8 0.0814371257485 0.1536
1 0.394610778443 0.9184 0.0898203592814 0.1504
1 0.385628742515 0.4392 0.0383233532934 0.0624
1 0.364670658683 0.4736 0.0275449101796 0.032
1 0.455688622754 0.4872 0.0419161676647 0.0592
1 0.492814371257 0.4368 0.0275449101796 0.0736
1 0.588622754491 0.7144 0.0610778443114 0.088
1 0.641916167665 0.6384 0.0502994011976 0.1312
1 0.777844311377 0.4872 0.0299401197605 0.0752
1 0.799401197605 0.4216 0.0179640718563 0.0624
1 0.719760479042 0.4008 0.0239520958084 0.056
1 0.766467065868 0.4464 0.0215568862275 0.0704
1 0.845508982036 0.3904 0.0191616766467 0.0672
1 0.764071856287 0.3624 0.0239520958084 0.0528
1 0.867664670659 0.336 0.0179640718563 0.0448
1 0.915568862275 0.4992 0.0203592814371 0.0832
1 0.844910179641 0.336 0.0155688622754 0.048
1 0.888622754491 0.4072 0.0263473053892 0.0464
1 0.144311377246 0.6296 0.0874251497006 0.1328
