1 0.575866188769 0.587638376384 0.0406212664277 0.134686346863
1 0.700716845878 0.500922509225 0.0322580645161 0.105166051661
1 0.722222222222 0.392988929889 0.0274790919952 0.0885608856089
1 0.750298685783 0.34594095941 0.0215053763441 0.0793357933579
1 0.785543608124 0.323800738007 0.0227001194743 0.0719557195572
1 0.781959378734 0.382841328413 0.0203106332139 0.0756457564576
1 0.835125448029 0.262915129151 0.0167264038232 0.0571955719557
1 0.986857825568 0.405904059041 0.026284348865 0.0885608856089
1 0.961768219833 0.339483394834 0.0238948626045 0.0811808118081
1 0.985065710872 0.308118081181 0.0227001194743 0.0627306273063
