1 0.178231292517 0.867330016584 0.087074829932 0.212271973466
1 0.128571428571 0.7271973466 0.0857142857143 0.180762852405
1 0.261904761905 0.54311774461 0.0612244897959 0.131011608624
1 0.412925170068 0.455223880597 0.047619047619 0.101160862355
1 0.636054421769 0.373963515755 0.0421768707483 0.0912106135987
1 0.952380952381 0.55223880597 0.065306122449 0.139303482587
1 0.867346938776 0.391376451078 0.0448979591837 0.0995024875622
1 0.574829931973 0.315091210614 0.0312925170068 0.0796019900498
1 0.863265306122 0.285240464345 0.0312925170068 0.0729684908789
1 0.833333333333 0.231343283582 0.0258503401361 0.0580431177446
