1 0.0739299610895 0.883973288815 0.124513618677 0.225375626043
1 0.484435797665 0.542570951586 0.0505836575875 0.140233722871
1 0.48962386511 0.417362270451 0.0453955901427 0.110183639399
1 0.540207522698 0.341402337229 0.0376134889754 0.0918196994992
1 0.614137483787 0.300500834725 0.0376134889754 0.0801335559265
1 0.690012970169 0.301335559265 0.0337224383917 0.0818030050083
1 0.935149156939 0.38898163606 0.0466926070039 0.106844741235
1 0.90402075227 0.288814691152 0.0363164721141 0.0834724540902
1 0.918287937743 0.22203672788 0.0285343709468 0.0601001669449
1 0.704280155642 0.213689482471 0.0259403372244 0.0634390651085
1 0.782101167315 0.126878130217 0.0207522697795 0.0534223706177
1 0.763942931258 0.108514190317 0.0155642023346 0.0434056761269
1 0.895590142672 0.184474123539 0.0220492866407 0.0517529215359
1 0.88261997406 0.172787979967 0.0168612191958 0.0417362270451
