1 0.60303030303 0.954911433172 0.0642424242424 0.0837359098229
1 0.605454545455 0.814814814815 0.0618181818182 0.161030595813
1 0.632121212121 0.918679549114 0.0836363636364 0.14653784219
1 0.313939393939 0.902576489533 0.070303030303 0.178743961353
1 0.304848484848 0.770531400966 0.0618181818182 0.140096618357
1 0.0830303030303 0.826086956522 0.0545454545455 0.161030595813
1 0.0345454545455 0.924315619968 0.0618181818182 0.141706924316
1 0.0412121212121 0.77616747182 0.0727272727273 0.164251207729
1 0.132121212121 0.703703703704 0.0654545454545 0.151368760064
1 0.67696969697 0.639291465378 0.0472727272727 0.164251207729
1 0.624848484848 0.705314009662 0.0545454545455 0.186795491143
1 0.557575757576 0.708534621578 0.0509090909091 0.164251207729
1 0.504242424242 0.726247987118 0.0460606060606 0.141706924316
1 0.403636363636 0.600644122383 0.0557575757576 0.106280193237
1 0.453333333333 0.653784219002 0.0484848484848 0.109500805153
1 0.468484848485 0.582930756844 0.0375757575758 0.125603864734
1 0.311515151515 0.648953301127 0.0460606060606 0.112721417069
1 0.209090909091 0.616747181965 0.049696969697 0.115942028986
1 0.163636363636 0.590177133655 0.0436363636364 0.133655394525
1 0.191515151515 0.517713365539 0.0339393939394 0.12077294686
1 0.155757575758 0.438003220612 0.0521212121212 0.0772946859903
1 0.241212121212 0.570048309179 0.0387878787879 0.122383252818
1 0.229696969697 0.513687600644 0.0327272727273 0.109500805153
1 0.354545454545 0.581320450886 0.049696969697 0.132045088567
1 0.337575757576 0.522544283414 0.0448484848485 0.101449275362
1 0.538181818182 0.566827697262 0.0339393939394 0.106280193237
1 0.514545454545 0.627214170692 0.0424242424242 0.152979066023
1 0.414545454545 0.511272141707 0.0315151515152 0.104669887279
1 0.368484848485 0.468599033816 0.0412121212121 0.106280193237
1 0.493939393939 0.350241545894 0.0327272727273 0.114331723027
1 0.433939393939 0.276972624799 0.0266666666667 0.0805152979066
1 0.390303030303 0.203703703704 0.0242424242424 0.0724637681159
1 0.313333333333 0.234299516908 0.0278787878788 0.0692431561997
1 0.450909090909 0.204508856683 0.0218181818182 0.061191626409
1 0.194545454545 0.274557165862 0.030303030303 0.0531400966184
1 0.157575757576 0.27616747182 0.0290909090909 0.0821256038647
1 0.294545454545 0.349436392915 0.0242424242424 0.0901771336554
1 0.33696969697 0.351046698873 0.0290909090909 0.0772946859903
1 0.419393939394 0.371980676329 0.0242424242424 0.0837359098229
1 0.405454545455 0.409822866345 0.030303030303 0.0982286634461
1 0.452121212121 0.409017713366 0.0339393939394 0.0933977455717
1 0.333939393939 0.518518518519 0.0351515151515 0.109500805153
1 0.211515151515 0.419484702093 0.0278787878788 0.0756843800322
1 0.541818181818 0.855877616747 0.0727272727273 0.236714975845
