1 0.0770700636943 0.830494037479 0.0980891719745 0.209540034072
1 0.342675159236 0.640545144804 0.0611464968153 0.143100511073
1 0.587898089172 0.401192504259 0.0343949044586 0.0936967632027
1 0.726114649682 0.427597955707 0.0484076433121 0.0988074957411
1 0.965605095541 0.479557069847 0.0484076433121 0.120954003407
1 0.923566878981 0.320272572402 0.0356687898089 0.0851788756388
1 0.893630573248 0.258091993186 0.0242038216561 0.0630323679727
1 0.871974522293 0.244463373083 0.0216560509554 0.0596252129472
1 0.713375796178 0.201022146508 0.0203821656051 0.0579216354344
1 0.73821656051 0.219761499148 0.0267515923567 0.06132879046
