1 0.260793465578 0.845218800648 0.0805134189032 0.173419773096
1 0.330221703617 0.887358184765 0.0746791131855 0.17017828201
1 0.352975495916 0.724473257699 0.0501750291715 0.119935170178
1 0.458576429405 0.777147487844 0.0513418903151 0.147487844408
1 0.541423570595 0.666126418152 0.0443407234539 0.106969205835
1 0.5991831972 0.598055105348 0.0315052508751 0.100486223663
1 0.610851808635 0.506482982172 0.0291715285881 0.063209076175
1 0.350641773629 0.587520259319 0.0408401400233 0.0372771474878
1 0.353558926488 0.660453808752 0.0560093348891 0.115072933549
1 0.696032672112 0.365478119935 0.0151691948658 0.0437601296596
1 0.903733955659 0.462722852512 0.0198366394399 0.0567260940032
1 0.911901983664 0.410048622366 0.0175029171529 0.0421393841167
1 0.760210035006 0.432739059968 0.022170361727 0.0551053484603
1 0.782380396733 0.405996758509 0.022170361727 0.0599675850891
