1 0.124546553809 0.2016 0.0193470374849 0.032
1 0.852478839178 0.7952 0.101571946796 0.1952
1 0.889359129383 0.6704 0.105199516324 0.1664
1 0.623337363966 0.6336 0.0761789600967 0.1312
1 0.432889963724 0.4976 0.0507859733978 0.1024
1 0.418984280532 0.4344 0.0399032648126 0.0784
1 0.458887545345 0.408 0.0350665054414 0.0704
1 0.215840386941 0.3824 0.0278113663845 0.0544
1 0.194679564692 0.3328 0.0266021765417 0.0544
1 0.237605804111 0.3688 0.0278113663845 0.0624
1 0.276904474002 0.344 0.0266021765417 0.0544
1 0.316203143894 0.3336 0.0278113663845 0.0528
1 0.353688029021 0.3152 0.0253929866989 0.0512
1 0.412938331318 0.3176 0.0302297460701 0.0496
1 0.90084643289 0.4712 0.0749697702539 0.104
1 0.821644498186 0.4208 0.0616686819831 0.096
1 0.753325272068 0.428 0.0652962515115 0.0784
1 0.6638452237 0.392 0.0604594921403 0.0672
1 0.706166868198 0.372 0.0459492140266 0.072
1 0.54292623942 0.368 0.043530834341 0.0672
1 0.487303506651 0.3008 0.0290205562273 0.0544
1 0.243651753325 0.292 0.0108827085852 0.04
1 0.516928657799 0.3448 0.0181378476421 0.0592
1 0.290810157195 0.2768 0.0157194679565 0.048
1 0.212212817412 0.272 0.0229746070133 0.0416
