1 0.649326805386 0.9144 0.0526315789474 0.152
1 0.703794369645 0.9552 0.0514075887393 0.0768
1 0.580171358629 0.8024 0.0489596083231 0.0848
1 0.962668298654 0.964 0.0477356181151 0.0592
1 0.797429620563 0.824 0.0403916768666 0.08
1 0.855569155447 0.8496 0.0636474908201 0.1536
1 0.842105263158 0.868 0.0587515299878 0.1136
1 0.862301101591 0.7752 0.0477356181151 0.1232
1 0.982864137087 0.8584 0.0293757649939 0.1264
1 0.927172582619 0.8824 0.0673194614443 0.136
1 0.760709914321 0.6456 0.0379436964504 0.072
1 0.596083231334 0.468 0.0220318237454 0.0496
1 0.692166462668 0.4608 0.0208078335373 0.048
1 0.730722154223 0.4808 0.0220318237454 0.0496
1 0.778457772338 0.5792 0.0244798041616 0.0672
1 0.801713586291 0.6104 0.0269277845777 0.0816
1 0.793757649939 0.6896 0.0354957160343 0.0768
1 0.826805385557 0.6608 0.0330477356181 0.0736
1 0.935128518972 0.804 0.0514075887393 0.1136
1 0.80599755202 0.6056 0.030599755202 0.0816
1 0.863525091799 0.6064 0.0354957160343 0.0768
1 0.900856793146 0.6768 0.0391676866585 0.0832
1 0.946756425949 0.6872 0.0403916768666 0.0848
1 0.768665850673 0.5088 0.0269277845777 0.0576
1 0.831701346389 0.5512 0.030599755202 0.056
1 0.567931456548 0.5416 0.0293757649939 0.0464
