1 0.854700854701 0.896072013093 0.119658119658 0.15875613748
1 0.916971916972 0.94271685761 0.144078144078 0.104746317512
1 0.686813186813 0.401800327332 0.0647130647131 0.0671031096563
1 0.789987789988 0.448445171849 0.114774114774 0.157119476268
1 0.90231990232 0.469721767594 0.102564102564 0.147299509002
1 0.822344322344 0.401800327332 0.0598290598291 0.135842880524
1 0.82905982906 0.320785597381 0.046398046398 0.0916530278232
1 0.811965811966 0.219312602291 0.0512820512821 0.0851063829787
1 0.879731379731 0.256137479542 0.0598290598291 0.0769230769231
1 0.761294261294 0.200490998363 0.0525030525031 0.0671031096563
1 0.556776556777 0.203764320786 0.029304029304 0.0441898527005
1 0.614774114774 0.180032733224 0.045177045177 0.0589198036007
1 0.593406593407 0.198854337152 0.04884004884 0.0671031096563
1 0.444444444444 0.199672667758 0.03663003663 0.0621931260229
1 0.523199023199 0.141571194763 0.0744810744811 0.0769230769231
