1 0.333943833944 0.621578099839 0.0647130647131 0.138486312399
1 0.835775335775 0.811594202899 0.101343101343 0.148148148148
1 0.923687423687 0.905797101449 0.120879120879 0.175523349436
1 0.615384615385 0.478260869565 0.0561660561661 0.0901771336554
1 0.606837606838 0.367954911433 0.0537240537241 0.0789049919485
1 0.689255189255 0.421095008052 0.0549450549451 0.0756843800322
1 0.702075702076 0.355877616747 0.039072039072 0.0708534621578
1 0.800976800977 0.398550724638 0.0610500610501 0.0917874396135
1 0.774114774115 0.495974235105 0.0561660561661 0.0869565217391
1 0.862637362637 0.536231884058 0.0622710622711 0.0772946859903
1 0.923687423687 0.521739130435 0.045177045177 0.0837359098229
1 0.0628815628816 0.334943639291 0.032967032967 0.0515297906602
1 0.0189255189255 0.274557165862 0.023199023199 0.0499194847021
1 0.452991452991 0.309178743961 0.034188034188 0.0579710144928
1 0.32905982906 0.411433172303 0.023199023199 0.0563607085346
1 0.278998778999 0.313204508857 0.199023199023 0.19806763285
