1 0.296856106409 0.659489633174 0.134220072551 0.314194577352
1 0.411729141475 0.61004784689 0.093107617896 0.298245614035
1 0.354292623942 0.382775119617 0.108827085852 0.264752791069
1 0.42261185006 0.181020733652 0.112454655381 0.240829346093
1 0.521160822249 0.388357256778 0.09915356711 0.311004784689
1 0.595525997582 0.520733652313 0.0906892382104 0.307814992026
1 0.493349455865 0.714513556619 0.0967351874244 0.274322169059
1 0.606408706167 0.751196172249 0.114873035067 0.290271132376
1 0.731559854897 0.775917065391 0.0967351874244 0.275917065391
1 0.821644498186 0.584529505582 0.0906892382104 0.307814992026
1 0.807134220073 0.342105263158 0.0906892382104 0.228070175439
1 0.894195888755 0.446570972887 0.0834340991536 0.267942583732
1 0.931680773881 0.734449760766 0.119709794438 0.301435406699
1 0.837968561064 0.873205741627 0.103990326481 0.234449760766
1 0.3276904474 0.885167464115 0.147521160822 0.223285486443
1 0.416565900846 0.909090909091 0.112454655381 0.172248803828
1 0.53869407497 0.946570972887 0.10761789601 0.0940988835726
1 0.72853688029 0.970494417863 0.102781136638 0.0494417862839
1 0.97400241838 0.548644338118 0.0423216444982 0.267942583732
1 0.532648125756 0.104465709729 0.0834340991536 0.180223285486
1 0.0798065296252 0.873205741627 0.154776299879 0.240829346093
1 0.200725513906 0.86283891547 0.135429262394 0.255183413078
