1 0.088679245283 0.42797319933 0.0540880503145 0.112227805695
1 0.169811320755 0.478224455611 0.0553459119497 0.115577889447
1 0.30251572327 0.625628140704 0.0540880503145 0.165829145729
1 0.47106918239 0.701005025126 0.0666666666667 0.182579564489
1 0.361006289308 0.881072026801 0.0779874213836 0.217755443886
1 0.14465408805 0.838358458961 0.0830188679245 0.192629815745
1 0.481132075472 0.360971524288 0.0364779874214 0.0854271356784
1 0.616352201258 0.416247906198 0.0427672955975 0.108877721943
1 0.645283018868 0.344221105528 0.0352201257862 0.0820770519263
1 0.393710691824 0.238693467337 0.0276729559748 0.0653266331658
1 0.612578616352 0.146566164154 0.0176100628931 0.0452261306533
1 0.752830188679 0.221105527638 0.0264150943396 0.0603015075377
1 0.730817610063 0.210217755444 0.0201257861635 0.0519262981575
1 0.547169811321 0.316582914573 0.0276729559748 0.0770519262982
