1 0.901547116737 0.822134387352 0.0815752461322 0.221343873518
1 0.692686357243 0.749011857708 0.0661040787623 0.221343873518
1 0.384669479606 0.50395256917 0.0492264416315 0.138339920949
1 0.352320675105 0.396245059289 0.0407876230661 0.128458498024
1 0.3129395218 0.276679841897 0.0323488045007 0.106719367589
1 0.339662447257 0.216403162055 0.0267229254571 0.0849802371542
1 0.372011251758 0.180830039526 0.0267229254571 0.0810276679842
1 0.685654008439 0.259881422925 0.0351617440225 0.0928853754941
1 0.349507735584 0.137351778656 0.0267229254571 0.0691699604743
1 0.514064697609 0.135375494071 0.0210970464135 0.0494071146245
