1 0.56303030303 0.923327895595 0.149090909091 0.143556280587
1 0.739393939394 0.855628058728 0.172121212121 0.220228384992
1 0.270303030303 0.646818923328 0.104242424242 0.154975530179
1 0.569696969697 0.538336052202 0.0993939393939 0.123980424144
1 0.645454545455 0.581566068515 0.112727272727 0.138662316476
1 0.735151515152 0.573409461664 0.105454545455 0.141924959217
1 0.342424242424 0.265905383361 0.0860606060606 0.0717781402936
1 0.302424242424 0.211256117455 0.0666666666667 0.0636215334421
1 0.316363636364 0.18352365416 0.0484848484848 0.0668841761827
1 0.412727272727 0.187601957586 0.0642424242424 0.068515497553
1 0.471515151515 0.177814029364 0.0678787878788 0.0554649265905
1 0.555151515152 0.1867862969 0.0654545454545 0.0701468189233
1 0.617575757576 0.297716150082 0.0472727272727 0.0831973898858
1 0.621818181818 0.163132137031 0.0630303030303 0.068515497553
1 0.0212121212121 0.326264274062 0.0278787878788 0.0587275693312
