1 0.551282051282 0.901652892562 0.0931174089069 0.186776859504
1 0.39338731444 0.793388429752 0.0823211875843 0.168595041322
1 0.278002699055 0.753719008264 0.0674763832659 0.15867768595
1 0.215924426451 0.655371900826 0.0620782726046 0.153719008264
1 0.732118758435 0.892561983471 0.0985155195682 0.17520661157
1 0.648448043185 0.881818181818 0.0931174089069 0.18347107438
1 0.740215924426 0.676033057851 0.0580296896086 0.115702479339
1 0.958164642375 0.711570247934 0.0782726045884 0.133884297521
1 0.834008097166 0.613223140496 0.0458839406208 0.095867768595
1 0.762483130904 0.594214876033 0.0350877192982 0.097520661157
1 0.701079622132 0.500826446281 0.0391363022942 0.0793388429752
1 0.521592442645 0.506611570248 0.0499325236167 0.117355371901
1 0.170715249663 0.485950413223 0.0472334682861 0.105785123967
1 0.265182186235 0.609917355372 0.0661268556005 0.128925619835
1 0.451417004049 0.761983471074 0.0823211875843 0.161983471074
1 0.274628879892 0.355371900826 0.0310391363023 0.0727272727273
1 0.373819163293 0.518181818182 0.0512820512821 0.100826446281
1 0.199055330634 0.397520661157 0.0337381916329 0.0809917355372
1 0.123481781377 0.304958677686 0.0310391363023 0.0611570247934
1 0.446018893387 0.368595041322 0.0202429149798 0.0628099173554
1 0.336707152497 0.606611570248 0.0661268556005 0.119008264463
1 0.960188933873 0.635537190083 0.055330634278 0.0942148760331
1 0.13697705803 0.368595041322 0.0337381916329 0.0793388429752
