1 0.131197097944 0.64673046252 0.0979443772672 0.164274322169
1 0.349455864571 0.428229665072 0.0507859733978 0.0877192982456
1 0.460096735187 0.405103668262 0.0399032648126 0.0893141945774
1 0.617291414752 0.382775119617 0.0350665054414 0.0861244019139
1 0.718863361548 0.309409888357 0.0253929866989 0.07336523126
1 0.769649334946 0.313397129187 0.0278113663845 0.0653907496013
1 0.8446191052 0.277511961722 0.0205562273277 0.0542264752791
1 0.913542926239 0.319776714514 0.0253929866989 0.0653907496013
1 0.960701330109 0.328548644338 0.0326481257557 0.0701754385965
1 0.742442563482 0.236044657097 0.0217654171705 0.0510366826156
1 0.891777509069 0.27033492823 0.0205562273277 0.0653907496013
1 0.903869407497 0.208133971292 0.0157194679565 0.0462519936204
1 0.805320435308 0.212918660287 0.0193470374849 0.0526315789474
