1 0.353333333333 0.865971107544 0.170909090909 0.213483146067
1 0.167878787879 0.923756019262 0.146666666667 0.123595505618
1 0.864242424242 0.699036918138 0.162424242424 0.213483146067
1 0.681212121212 0.889245585875 0.201212121212 0.205457463884
1 0.882424242424 0.943820224719 0.162424242424 0.102728731942
1 0.225454545455 0.309791332263 0.0557575757576 0.0802568218299
1 0.183636363636 0.54253611557 0.0884848484848 0.121990369181
1 0.254545454545 0.597110754414 0.135757575758 0.166934189406
1 0.340606060606 0.569020866774 0.106666666667 0.15569823435
1 0.167272727273 0.199839486356 0.070303030303 0.0754414125201
1 0.231515151515 0.178170144462 0.0678787878788 0.0738362760835
