1 0.3347509113 0.946227929374 0.144592952612 0.0882825040128
1 0.488456865128 0.280898876404 0.0558930741191 0.0674157303371
1 0.801944106926 0.292937399679 0.0826245443499 0.117174959872
1 0.439854191981 0.214285714286 0.0534629404617 0.0882825040128
1 0.639732685298 0.227929373997 0.0692588092345 0.0866773675762
1 0.922843256379 0.239165329053 0.052247873633 0.0577849117175
1 0.865127582017 0.252808988764 0.0461725394897 0.0561797752809
1 0.250911300122 0.243178170144 0.0571081409478 0.0593900481541
1 0.0492102065614 0.292134831461 0.0741190765492 0.099518459069
1 0.724787363305 0.256821829856 0.0911300121507 0.131621187801
