1 0.507917174178 0.8968 0.0974421437272 0.1936
1 0.384287454324 0.7144 0.074299634592 0.1584
1 0.797198538368 0.7152 0.0645554202192 0.1504
1 0.854445797808 0.824 0.105968331303 0.1952
1 0.929963459196 0.8088 0.115712545676 0.152
1 0.931181485993 0.9328 0.123020706456 0.1248
1 0.313641900122 0.5848 0.0499390986602 0.1328
1 0.275274056029 0.5456 0.0365408038977 0.1056
1 0.239951278928 0.5032 0.0389768574909 0.0784
1 0.350791717418 0.5112 0.0389768574909 0.1008
1 0.306333739342 0.4552 0.0377588306943 0.0816
1 0.261266747868 0.4496 0.0377588306943 0.0608
1 0.21071863581 0.4608 0.0292326431181 0.0704
1 0.188185140073 0.4384 0.0353227771011 0.0704
1 0.154689403167 0.3864 0.0316686967113 0.0656
1 0.706455542022 0.6152 0.0755176613886 0.1616
1 0.685140073082 0.4008 0.047503045067 0.0496
1 0.824604141291 0.4872 0.0511571254568 0.0656
1 0.91778319123 0.4992 0.0694275274056 0.0704
1 0.20341047503 0.4176 0.0511571254568 0.0928
1 0.0657734470158 0.304 0.0292326431181 0.048
1 0.115103532278 0.3016 0.0280146163216 0.0592
1 0.157734470158 0.3144 0.0231425091352 0.0592
