1 0.483516483516 0.940609951846 0.112332112332 0.112359550562
1 0.32967032967 0.864365971108 0.114774114774 0.15569823435
1 0.198412698413 0.788924558587 0.0720390720391 0.142857142857
1 0.124542124542 0.744783306581 0.0634920634921 0.112359550562
1 0.71916971917 0.920545746388 0.136752136752 0.136436597111
1 0.797313797314 0.845906902087 0.114774114774 0.157303370787
1 0.589743589744 0.764847512039 0.0976800976801 0.142857142857
1 0.612942612943 0.684590690209 0.0976800976801 0.139646869984
1 0.647130647131 0.640449438202 0.0854700854701 0.138041733547
1 0.515873015873 0.66532905297 0.0818070818071 0.136436597111
1 0.432844932845 0.676565008026 0.0695970695971 0.0786516853933
1 0.748473748474 0.624398073836 0.0781440781441 0.121990369181
1 0.568376068376 0.60834670947 0.0549450549451 0.109149277689
1 0.497557997558 0.418940609952 0.045177045177 0.0866773675762
1 0.427960927961 0.568218298555 0.0573870573871 0.0866773675762
1 0.309523809524 0.42937399679 0.037851037851 0.0818619582665
1 0.293650793651 0.491171749599 0.047619047619 0.0577849117175
1 0.515262515263 0.668539325843 0.0805860805861 0.136436597111
1 0.875457875458 0.615569823435 0.0976800976801 0.0979133226324
1 0.852869352869 0.471107544141 0.0720390720391 0.104333868379
1 0.952991452991 0.597110754414 0.0720390720391 0.099518459069
1 0.481074481074 0.505617977528 0.04884004884 0.102728731942
1 0.541514041514 0.484751203852 0.0525030525031 0.0674157303371
1 0.506715506716 0.594703049759 0.0659340659341 0.0979133226324
1 0.344322344322 0.45746388443 0.039072039072 0.0866773675762
1 0.404151404151 0.466292134831 0.0659340659341 0.0722311396469
1 0.859584859585 0.54253611557 0.0830280830281 0.105939004815
