1 0.306196840826 0.809791332263 0.0729040097205 0.22632423756
1 0.292223572296 0.939004815409 0.0643985419198 0.118780096308
1 0.0291616038882 0.864365971108 0.0461725394897 0.252006420546
1 0.088092345079 0.714285714286 0.0546780072904 0.170144462279
1 0.0340218712029 0.671749598716 0.0607533414338 0.168539325843
1 0.134264884569 0.588282504013 0.0692588092345 0.184590690209
1 0.530376670717 0.747191011236 0.0643985419198 0.23595505618
1 0.617253948967 0.837881219904 0.0777642770352 0.215088282504
1 0.592952612394 0.715088282504 0.0631834750911 0.178170144462
1 0.296476306197 0.643659711075 0.0558930741191 0.157303370787
1 0.399756986634 0.505617977528 0.0510328068044 0.121990369181
1 0.34872417983 0.475922953451 0.0510328068044 0.162118780096
1 0.3304981774 0.412520064205 0.0315917375456 0.121990369181
1 0.374240583232 0.337881219904 0.0388821385176 0.126805778491
1 0.447144592953 0.552969502408 0.0437424058323 0.123595505618
1 0.498177399757 0.6227929374 0.0583232077764 0.138041733547
1 0.622721749696 0.602728731942 0.0546780072904 0.171749598716
1 0.554070473876 0.61316211878 0.0583232077764 0.170144462279
1 0.613001215067 0.469502407705 0.0400972053463 0.120385232745
1 0.451397326853 0.399678972713 0.044957472661 0.115569823435
1 0.439854191981 0.317014446228 0.0243013365735 0.120385232745
1 0.473876063183 0.19341894061 0.0315917375456 0.0979133226324
1 0.416160388821 0.202247191011 0.0328068043742 0.0930979133226
1 0.611178614824 0.162921348315 0.0364520048603 0.0947030497592
1 0.465370595383 0.487158908507 0.0437424058323 0.136436597111
1 0.300729040097 0.54735152488 0.0619684082625 0.128410914928
1 0.20170109356 0.520064205457 0.0534629404617 0.134831460674
1 0.315309842041 0.284911717496 0.0400972053463 0.107544141252
1 0.304374240583 0.207865168539 0.0352369380316 0.0818619582665
1 0.374240583232 0.130016051364 0.0267314702309 0.083467094703
1 0.335965978129 0.114767255217 0.0303766707169 0.0690208667737
1 0.235115431349 0.173354735152 0.0352369380316 0.0963081861958
1 0.479951397327 0.107544141252 0.0243013365735 0.0770465489567
1 0.538882138518 0.463081861958 0.0473876063183 0.120385232745
1 0.18772782503 0.413322632424 0.0498177399757 0.126805778491
1 0.290400972053 0.434991974318 0.0437424058323 0.109149277689
1 0.307411907655 0.353130016051 0.041312272175 0.128410914928
1 0.231470230863 0.411717495987 0.0400972053463 0.107544141252
1 0.343863912515 0.213483146067 0.0340218712029 0.0930979133226
1 0.426488456865 0.099518459069 0.0340218712029 0.0642054574639
1 0.255164034022 0.300160513644 0.0461725394897 0.0930979133226
1 0.410692588092 0.418940609952 0.0534629404617 0.125200642055
1 0.687120291616 0.9341894061 0.0886998784933 0.118780096308
1 0.290400972053 0.0706260032103 0.0315917375456 0.0674157303371
