1 0.381842456609 0.857410881801 0.0801068090788 0.202626641651
1 0.424566088117 0.715759849906 0.0614152202937 0.163227016886
1 0.222963951936 0.84521575985 0.0694259012016 0.196998123827
1 0.208277703605 0.722326454034 0.0774365821095 0.142589118199
1 0.664886515354 0.523452157598 0.0587449933244 0.112570356473
1 0.403871829105 0.532833020638 0.0493991989319 0.116322701689
1 0.332443257677 0.613508442777 0.0534045393858 0.142589118199
1 0.297062750334 0.552532833021 0.0493991989319 0.129455909944
1 0.216288384513 0.577861163227 0.0507343124166 0.138836772983
1 0.196929238985 0.484990619137 0.041388518024 0.106941838649
1 0.309746328438 0.460600375235 0.0400534045394 0.0956848030019
1 0.245660881175 0.458724202627 0.045393858478 0.106941838649
1 0.35046728972 0.404315196998 0.0467289719626 0.0919324577861
1 0.392523364486 0.361163227017 0.0427236315087 0.0844277673546
1 0.438584779706 0.272045028143 0.0253671562083 0.0600375234522
1 0.246328437917 0.343339587242 0.0333778371162 0.078799249531
1 0.276368491322 0.300187617261 0.0293724966622 0.0675422138837
1 0.311081441923 0.279549718574 0.0373831775701 0.0675422138837
1 0.387182910547 0.222326454034 0.0240320427236 0.06191369606
1 0.604806408545 0.931519699812 0.106809078772 0.133208255159
1 0.325100133511 0.943714821764 0.0814419225634 0.108818011257
