1 0.197702539299 0.538950715421 0.114873035067 0.0794912559618
1 0.310761789601 0.505564387917 0.0967351874244 0.114467408585
1 0.464328899637 0.956279809221 0.142684401451 0.0747217806041
1 0.486698911729 0.635135135135 0.136638452237 0.128775834658
1 0.510278113664 0.5413354531 0.0677146311971 0.100158982512
1 0.524183796856 0.492050874404 0.0761789600967 0.093799682035
1 0.600362756953 0.476152623211 0.0737605804111 0.10333863275
1 0.610640870617 0.586645468998 0.087061668682 0.120826709062
1 0.720072551391 0.56200317965 0.0858524788392 0.0842607313196
1 0.816807738815 0.545310015898 0.0423216444982 0.0540540540541
1 0.861547762999 0.519077901431 0.0302297460701 0.087440381558
1 0.896009673519 0.503179650238 0.0362756952842 0.0779014308426
1 0.936517533253 0.492845786963 0.0399032648126 0.0731319554849
1 0.833131801693 0.435612082671 0.0362756952842 0.0476947535771
1 0.882103990326 0.434022257552 0.0592503022975 0.0572337042925
1 0.942563482467 0.434022257552 0.0423216444982 0.0508744038156
1 0.964328899637 0.465023847377 0.0302297460701 0.0524642289348
1 0.960096735187 0.919713831479 0.0725513905683 0.141494435612
1 0.306529625151 0.197933227345 0.0785973397823 0.087440381558
1 0.426239419589 0.192368839428 0.037484885127 0.0349761526232
1 0.399032648126 0.0866454689984 0.055622732769 0.0238473767886
1 0.469165659008 0.120031796502 0.0362756952842 0.0365659777424
1 0.495163240629 0.173290937997 0.0447400241838 0.0858505564388
1 0.535066505441 0.0930047694754 0.0253929866989 0.0492845786963
1 0.566505441354 0.0985691573927 0.0302297460701 0.0699523052464
1 0.73700120919 0.301271860095 0.0592503022975 0.0429252782194
1 0.890568319226 0.308426073132 0.0544135429262 0.060413354531
1 0.544740024184 0.337837837838 0.0568319226119 0.10333863275
