1 0.119393939394 0.789176090468 0.107878787879 0.195476575121
1 0.282424242424 0.90549273021 0.0993939393939 0.172859450727
1 0.393333333333 0.774636510501 0.0763636363636 0.163166397415
1 0.486060606061 0.668820678514 0.0533333333333 0.116316639742
1 0.534545454545 0.607431340872 0.0484848484848 0.119547657512
1 0.481212121212 0.755250403877 0.0751515151515 0.124394184168
1 0.934545454545 0.596122778675 0.0387878787879 0.113085621971
1 0.782424242424 0.526655896607 0.030303030303 0.100161550889
1 0.932727272727 0.452342487884 0.0206060606061 0.0904684975767
1 0.896363636364 0.462843295638 0.0278787878788 0.0791599353796
1 0.862424242424 0.428917609047 0.0351515151515 0.0791599353796
1 0.629090909091 0.923263327948 0.0630303030303 0.143780290792
1 0.518181818182 0.92084006462 0.0933333333333 0.148626817447
1 0.729090909091 0.630856219709 0.04 0.124394184168
1 0.704848484848 0.588852988691 0.0448484848485 0.111470113086
1 0.541818181818 0.769789983845 0.0581818181818 0.150242326333
1 0.635757575758 0.753634894992 0.0545454545455 0.140549273021
1 0.575757575758 0.831179321486 0.0678787878788 0.124394184168
1 0.704242424242 0.742326332795 0.0460606060606 0.124394184168
1 0.679393939394 0.681744749596 0.0521212121212 0.1098546042
1 0.605454545455 0.697899838449 0.0763636363636 0.119547657512
1 0.802424242424 0.3352180937 0.0242424242424 0.0597738287561
1 0.895757575758 0.386106623586 0.0290909090909 0.0678513731826
