1 0.187575392039 0.537007874016 0.121833534379 0.311811023622
1 0.317852834741 0.555905511811 0.133896260555 0.286614173228
1 0.395657418577 0.645669291339 0.115802171291 0.352755905512
1 0.5 0.696062992126 0.112183353438 0.292913385827
1 0.688178528347 0.737007874016 0.08082026538 0.31811023622
1 0.587454764777 0.415748031496 0.0965018094089 0.283464566929
1 0.473462002413 0.370866141732 0.0952955367913 0.27874015748
1 0.705066344994 0.35905511811 0.0977080820265 0.274015748031
1 0.406513872135 0.170866141732 0.125452352232 0.294488188976
1 0.28287092883 0.284251968504 0.13148371532 0.313385826772
1 0.0747889022919 0.540157480315 0.137515078408 0.333858267717
1 0.804583835947 0.253543307087 0.086851628468 0.308661417323
1 0.542822677925 0.0685039370079 0.0916767189385 0.127559055118
1 0.886007237636 0.14094488189 0.0832328106152 0.269291338583
1 0.914957780458 0.414960629921 0.0832328106152 0.269291338583
1 0.798552472859 0.585039370079 0.0940892641737 0.297637795276
1 0.909529553679 0.758267716535 0.0892641737033 0.300787401575
1 0.839565741858 0.89842519685 0.118214716526 0.196850393701
1 0.601326899879 0.881102362205 0.126658624849 0.225196850394
1 0.478287092883 0.948818897638 0.100120627262 0.0897637795276
1 0.329915560917 0.951968503937 0.117008443908 0.0897637795276
1 0.965018094089 0.23937007874 0.0675512665862 0.267716535433
