1 0.173194614443 0.609046849758 0.128518971848 0.16155088853
1 0.432068543452 0.763327948304 0.176254589963 0.18901453958
1 0.641370869033 0.669628432956 0.154222766218 0.176090468498
1 0.831701346389 0.874798061389 0.214198286414 0.224555735057
1 0.895348837209 0.602584814216 0.175030599755 0.174474959612
1 0.675642594859 0.430533117932 0.119951040392 0.121163166397
1 0.415544675643 0.463651050081 0.104039167687 0.126009693053
1 0.241126070991 0.423263327948 0.0881272949816 0.116316639742
1 0.230722154223 0.301292407108 0.0697674418605 0.0856219709208
1 0.338433292534 0.347334410339 0.0795593635251 0.0969305331179
1 0.475520195838 0.385298869144 0.094247246022 0.117932148627
1 0.511627906977 0.336833602585 0.0905752753978 0.101777059774
1 0.142594859241 0.249596122779 0.0599755201958 0.0694668820679
1 0.365973072215 0.286752827141 0.0881272949816 0.0953150242326
