1 0.352589641434 0.847494553377 0.0597609561753 0.217864923747
1 0.537184594954 0.722222222222 0.0491367861886 0.159041394336
1 0.59561752988 0.607843137255 0.0438247011952 0.148148148148
1 0.524568393094 0.532679738562 0.0371845949535 0.137254901961
1 0.393094289509 0.444444444444 0.0398406374502 0.113289760349
1 0.500664010624 0.443355119826 0.0371845949535 0.106753812636
1 0.697875166003 0.418300653595 0.0332005312085 0.0958605664488
1 0.661354581673 0.363834422658 0.0265604249668 0.0915032679739
1 0.712483399734 0.334422657952 0.0225763612218 0.0849673202614
1 0.864541832669 0.339869281046 0.0239043824701 0.0871459694989
1 0.900398406375 0.26688453159 0.0212483399734 0.0631808278867
1 0.792828685259 0.16339869281 0.0212483399734 0.0522875816993
