1 0.0880579010856 0.543338683788 0.0940892641737 0.162118780096
1 0.250904704463 0.463884430177 0.065138721351 0.134831460674
1 0.298552472859 0.697431781701 0.13148371532 0.168539325843
1 0.693003618818 0.703852327448 0.0856453558504 0.126805778491
1 0.933051869723 0.624398073836 0.0880579010856 0.0866773675762
1 0.639324487334 0.748796147673 0.0989143546441 0.174959871589
1 0.650784077201 0.609951845907 0.0566948130277 0.105939004815
1 0.574788902292 0.625200642055 0.0759951749095 0.113964686998
1 0.48492159228 0.639646869984 0.0892641737033 0.110754414125
1 0.456574185766 0.463884430177 0.107358262967 0.109149277689
1 0.170084439083 0.777688603531 0.118214716526 0.181380417335
1 0.55548854041 0.282504012841 0.0687575392039 0.0770465489567
