1 0.200241254524 0.540669856459 0.0410132689988 0.111642743222
1 0.840772014475 0.69298245614 0.0579010856454 0.145135566188
1 0.878166465621 0.636363636364 0.0410132689988 0.133971291866
1 0.969240048251 0.790271132376 0.0518697225573 0.157894736842
1 0.17189384801 0.433014354067 0.0301568154403 0.0717703349282
1 0.188781664656 0.41307814992 0.0349819059107 0.07336523126
1 0.153196622437 0.379585326954 0.0241254523522 0.0701754385965
1 0.130277442702 0.360446570973 0.0265379975875 0.0637958532695
1 0.29794933655 0.300637958533 0.021712907117 0.0526315789474
1 0.322677925211 0.326953748006 0.0325693606755 0.0637958532695
1 0.551266586248 0.483253588517 0.0530759951749 0.0861244019139
1 0.569360675513 0.381977671451 0.0265379975875 0.0622009569378
1 0.189384800965 0.290271132376 0.0193003618818 0.0510366826156
1 0.547044632087 0.358851674641 0.0253317249698 0.0574162679426
