1 0.868758002561 0.75040257649 0.12676056338 0.305958132045
1 0.133802816901 0.714975845411 0.129321382843 0.334943639291
1 0.481434058899 0.799516908213 0.143405889885 0.359098228663
1 0.713828425096 0.584541062802 0.142125480154 0.299516908213
1 0.186299615877 0.357487922705 0.0934699103713 0.222222222222
1 0.335467349552 0.466183574879 0.0947503201024 0.252818035427
1 0.628681177977 0.274557165862 0.110115236876 0.22383252818
1 0.551216389245 0.349436392915 0.0960307298335 0.222222222222
1 0.362355953905 0.283413848631 0.0845070422535 0.202898550725
1 0.415492957746 0.154589371981 0.078104993598 0.180354267311
1 0.263764404609 0.149758454106 0.0614596670935 0.170692431562
1 0.456466069142 0.0499194847021 0.0627400768246 0.0966183574879
1 0.245838668374 0.0515297906602 0.0793854033291 0.0966183574879
