1 0.45371498173 0.896551724138 0.108404384896 0.154351395731
1 0.524360535932 0.942528735632 0.181485992692 0.114942528736
1 0.634591961023 0.894909688013 0.241169305725 0.203612479475
1 0.908647990256 0.549261083744 0.16077953715 0.165845648604
1 0.806942752741 0.47947454844 0.125456760049 0.131362889984
1 0.5 0.46223316913 0.115712545676 0.142857142857
1 0.387941534714 0.447454844007 0.120584652862 0.152709359606
1 0.829476248477 0.282430213465 0.116930572473 0.114942528736
1 0.418392204629 0.221674876847 0.0426309378806 0.0853858784893
1 0.440925700365 0.324302134647 0.0755176613886 0.0968801313629
1 0.489037758831 0.254515599343 0.0694275274056 0.072249589491
1 0.36419001218 0.197865353038 0.0462850182704 0.064039408867
1 0.0450669914738 0.201149425287 0.0462850182704 0.0607553366174
1 0.168087697929 0.206075533662 0.0389768574909 0.0574712643678
1 0.212545676005 0.177339901478 0.0401948842875 0.0459770114943
1 0.199147381242 0.199507389163 0.0426309378806 0.0574712643678
1 0.431790499391 0.392446633826 0.0548112058465 0.16091954023
