1 0.125755743652 0.694041867955 0.0677146311971 0.151368760064
1 0.425030229746 0.706119162641 0.0423216444982 0.130434782609
1 0.382708585248 0.598228663446 0.0350665054414 0.114331723027
1 0.403264812576 0.509661835749 0.0326481257557 0.114331723027
1 0.502418379686 0.519323671498 0.0326481257557 0.104669887279
1 0.519951632406 0.462157809984 0.0266021765417 0.0805152979066
1 0.576178960097 0.419484702093 0.0278113663845 0.0724637681159
1 0.368198307134 0.461352657005 0.0229746070133 0.0885668276973
1 0.303506650544 0.447665056361 0.0266021765417 0.0708534621578
1 0.298669891173 0.398550724638 0.0266021765417 0.085346215781
1 0.349455864571 0.383252818035 0.0193470374849 0.0708534621578
1 0.388754534462 0.36231884058 0.0205562273277 0.0676328502415
1 0.620918984281 0.33655394525 0.0181378476421 0.0579710144928
1 0.333736396614 0.276972624799 0.0169286577993 0.0450885668277
1 0.354292623942 0.325281803543 0.0217654171705 0.0515297906602
1 0.365779927449 0.287439613527 0.0157194679565 0.0499194847021
1 0.448004836759 0.290660225443 0.0181378476421 0.0499194847021
1 0.224909310762 0.341384863124 0.0266021765417 0.0418679549114
1 0.73276904474 0.598228663446 0.0507859733978 0.127214170692
1 0.755743651753 0.561996779388 0.0314389359129 0.0998389694042
1 0.425030229746 0.247987117552 0.0157194679565 0.0322061191626
1 0.632406287787 0.280998389694 0.0145102781137 0.037037037037
1 0.433494558646 0.211755233494 0.0133010882709 0.0338164251208
1 0.460701330109 0.272141706924 0.0145102781137 0.0515297906602
1 0.0386940749698 0.798711755233 0.0701330108827 0.138486312399
